    0.038876503
    0.038876503
    0.038876503
    0.038876503
    0.038876503
    0.038876503
    0.038876503
    0.038876503
    0.038876503
    0.038876503
    0.038876503
    0.038876503
    0.038876503
    0.038876503
    0.038876503
    0.038876503
    0.038876503
    0.038876503
    0.038876503
    0.038876503
    0.038876503
    0.038876503
    0.038876503
    0.038876503
    0.038876503
    0.038876503
    0.038876503
    0.038876503
    0.038876503
    0.038876503
    0.038876503
    0.038876503
    0.038876503
    0.038876503
    0.038876503
    0.038876503
    0.038876503
    0.038876503
    0.038876503
    0.038876503
    0.038876503
    0.038876503
    0.038876503
    0.038876503
    0.038876503
    0.038876503
    0.038876503
    0.038876503
    0.038876503
    0.038876503
    0.038876503
    0.038876503
    0.038876503
    0.038876503
    0.038876503
    0.038876503
    0.038876503
    0.038876503
    0.038876503
    0.038876503
    0.038876503
    0.038876503
    0.038876503
    0.038876503
    0.038876503
    0.038876503
    0.038876503
    0.038876503
    0.038876503
    0.038876503
    0.038876503
    0.038876503
    0.038876503
    0.038876503
    0.038876503
    0.038876503
    0.038876503
    0.038876503
    0.038876503
    0.038876503
    0.038876503
    0.038876503
    0.038876503
    0.038876503
    0.038876503
    0.038876503
    0.038876503
    0.038876503
    0.038876503
    0.038876503
    0.038876503
    0.038876503
    0.038876503
    0.038876503
    0.038876503
    0.038876503
    0.038876503
    0.038876503
    0.038876503
