   0.0010000000      17978.154   0.0089502117      6.3029116
   0.0020000000      26818.226    0.017801417      6.1779752
   0.0030000000      35560.278    0.026554603      6.1268250
   0.0040000000      44205.285    0.035210742      6.0987987
   0.0050000000      52754.214    0.043770802      6.0810723
   0.0060000000      61208.019    0.052235739      6.0688402
   0.0070000000      69567.648    0.060606498      6.0598878
   0.0080000000      77834.038    0.068884017      6.0530507
   0.0090000000      86008.116    0.077069223      6.0476581
    0.010000000      94090.801    0.085163036      6.0432956
    0.011000000      102083.00    0.093166364      6.0396939
    0.012000000      109985.62     0.10108011      6.0366698
    0.013000000      117799.55     0.10890516      6.0340948
    0.014000000      125525.66     0.11664240      6.0318757
    0.015000000      133164.84     0.12429270      6.0299435
    0.016000000      140717.95     0.13185694      6.0282461
    0.017000000      148185.85     0.13933596      6.0267431
    0.018000000      155569.38     0.14673061      6.0254030
    0.019000000      162869.38     0.15404173      6.0242006
    0.020000000      170086.68     0.16127015      6.0231159
    0.021000000      177222.12     0.16841671      6.0221323
    0.022000000      184276.49     0.17548220      6.0212364
    0.023000000      191250.61     0.18246744      6.0204170
    0.024000000      198145.28     0.18937323      6.0196647
    0.025000000      204961.29     0.19620035      6.0189716
    0.026000000      211699.42     0.20294959      6.0183311
    0.027000000      218360.44     0.20962173      6.0177372
    0.028000000      224945.12     0.21621753      6.0171853
    0.029000000      231454.22     0.22273775      6.0166709
    0.030000000      237888.50     0.22918314      6.0161904
    0.031000000      244248.70     0.23555445      6.0157405
    0.032000000      250535.55     0.24185242      6.0153185
    0.033000000      256749.79     0.24807776      6.0149218
    0.034000000      262892.13     0.25423122      6.0145483
    0.035000000      268963.30     0.26031350      6.0141959
    0.036000000      274964.00     0.26632531      6.0138630
    0.037000000      280894.93     0.27226735      6.0135479
    0.038000000      286756.79     0.27814032      6.0132493
    0.039000000      292550.26     0.28394490      6.0129660
    0.040000000      298276.03     0.28968177      6.0126968
    0.041000000      303934.76     0.29535161      6.0124406
    0.042000000      309527.13     0.30095509      6.0121966
    0.043000000      315053.79     0.30649286      6.0119639
    0.044000000      320515.41     0.31196558      6.0117418
    0.045000000      325912.62     0.31737389      6.0115296
    0.046000000      331246.06     0.32271844      6.0113265
    0.047000000      336516.38     0.32799987      6.0111321
    0.048000000      341724.20     0.33321879      6.0109458
    0.049000000      346870.14     0.33837583      6.0107672
    0.050000000      351954.82     0.34347161      6.0105956
    0.051000000      356978.84     0.34850674      6.0104309
    0.052000000      361942.81     0.35348181      6.0102725
    0.053000000      366847.34     0.35839744      6.0101201
    0.054000000      371693.00     0.36325420      6.0099733
    0.055000000      376480.39     0.36805269      6.0098319
    0.056000000      381210.08     0.37279348      6.0096956
    0.057000000      385882.65     0.37747715      6.0095642
    0.058000000      390498.67     0.38210427      6.0094372
    0.059000000      395058.70     0.38667539      6.0093147
    0.060000000      399563.29     0.39119109      6.0091962
    0.061000000      404013.01     0.39565190      6.0090817
    0.062000000      408408.39     0.40005838      6.0089709
    0.063000000      412749.97     0.40441106      6.0088636
    0.064000000      417038.30     0.40871048      6.0087597
    0.065000000      421273.90     0.41295717      6.0086591
    0.066000000      425457.29     0.41715166      6.0085616
    0.067000000      429589.00     0.42129446      6.0084670
    0.068000000      433669.53     0.42538609      6.0083752
    0.069000000      437699.41     0.42942706      6.0082861
    0.070000000      441679.13     0.43341787      6.0081996
    0.071000000      445609.19     0.43735903      6.0081156
    0.072000000      449490.08     0.44125101      6.0080340
    0.073000000      453322.30     0.44509432      6.0079546
    0.074000000      457106.33     0.44888944      6.0078774
    0.075000000      460842.64     0.45263685      6.0078023
    0.076000000      464531.72     0.45633702      6.0077292
    0.077000000      468174.04     0.45999043      6.0076581
    0.078000000      471770.05     0.46359753      6.0075888
    0.079000000      475320.22     0.46715879      6.0075213
    0.080000000      478825.01     0.47067467      6.0074556
    0.081000000      482284.86     0.47414561      6.0073915
    0.082000000      485700.23     0.47757207      6.0073290
    0.083000000      489071.56     0.48095448      6.0072680
    0.084000000      492399.28     0.48429329      6.0072085
    0.085000000      495683.83     0.48758893      6.0071505
    0.086000000      498925.63     0.49084182      6.0070938
    0.087000000      502125.12     0.49405240      6.0070385
    0.088000000      505282.72     0.49722108      6.0069845
    0.089000000      508398.84     0.50034829      6.0069317
    0.090000000      511473.89     0.50343443      6.0068801
    0.091000000      514508.29     0.50647991      6.0068297
    0.092000000      517502.43     0.50948514      6.0067804
    0.093000000      520456.72     0.51245051      6.0067323
    0.094000000      523371.56     0.51537643      6.0066851
    0.095000000      526247.33     0.51826329      6.0066390
    0.096000000      529084.43     0.52111147      6.0065939
    0.097000000      531883.24     0.52392137      6.0065498
    0.098000000      534644.14     0.52669335      6.0065065
    0.099000000      537367.51     0.52942780      6.0064642
     0.10000000      540053.72     0.53212510      6.0064228
     0.10100000      542703.15     0.53478561      6.0063822
     0.10200000      545316.15     0.53740969      6.0063424
     0.10300000      547893.09     0.53999772      6.0063035
     0.10400000      550434.34     0.54255004      6.0062653
     0.10500000      552940.23     0.54506702      6.0062279
     0.10600000      555411.14     0.54754900      6.0061912
     0.10700000      557847.40     0.54999634      6.0061552
     0.10800000      560249.35     0.55240938      6.0061199
     0.10900000      562617.35     0.55478845      6.0060853
     0.11000000      564951.72     0.55713391      6.0060513
     0.11100000      567252.81     0.55944608      6.0060180
     0.11200000      569520.95     0.56172529      6.0059853
     0.11300000      571756.45     0.56397187      6.0059532
     0.11400000      573959.65     0.56618615      6.0059217
     0.11500000      576130.87     0.56836845      6.0058908
     0.11600000      578270.43     0.57051909      6.0058604
     0.11700000      580378.63     0.57263837      6.0058305
     0.11800000      582455.81     0.57472662      6.0058012
     0.11900000      584502.25     0.57678414      6.0057724
     0.12000000      586518.27     0.57881124      6.0057442
     0.12100000      588504.17     0.58080821      6.0057164
     0.12200000      590460.25     0.58277537      6.0056890
     0.12300000      592386.81     0.58471301      6.0056622
     0.12400000      594284.14     0.58662141      6.0056358
     0.12500000      596152.53     0.58850088      6.0056098
     0.12600000      597992.27     0.59035169      6.0055843
     0.12700000      599803.64     0.59217414      6.0055592
     0.12800000      601586.94     0.59396851      6.0055345
     0.12900000      603342.42     0.59573507      6.0055103
     0.13000000      605070.38     0.59747411      6.0054864
     0.13100000      606771.09     0.59918589      6.0054629
     0.13200000      608444.82     0.60087069      6.0054397
     0.13300000      610091.83     0.60252878      6.0054170
     0.13400000      611712.39     0.60416042      6.0053946
     0.13500000      613306.77     0.60576587      6.0053725
     0.13600000      614875.23     0.60734540      6.0053508
     0.13700000      616418.02     0.60889926      6.0053294
     0.13800000      617935.40     0.61042771      6.0053084
     0.13900000      619427.62     0.61193101      6.0052877
     0.14000000      620894.93     0.61340939      6.0052673
     0.14100000      622337.59     0.61486312      6.0052472
     0.14200000      623755.83     0.61629243      6.0052274
     0.14300000      625149.89     0.61769757      6.0052078
     0.14400000      626520.03     0.61907878      6.0051886
     0.14500000      627866.48     0.62043629      6.0051697
     0.14600000      629189.46     0.62177035      6.0051510
     0.14700000      630489.23     0.62308119      6.0051326
     0.14800000      631766.00     0.62436903      6.0051145
     0.14900000      633020.01     0.62563411      6.0050966
     0.15000000      634251.48     0.62687665      6.0050790
     0.15100000      635460.63     0.62809688      6.0050616
     0.15200000      636647.70     0.62929501      6.0050445
     0.15300000      637812.89     0.63047128      6.0050276
     0.15400000      638956.44     0.63162589      6.0050109
     0.15500000      640078.54     0.63275906      6.0049945
     0.15600000      641179.42     0.63387101      6.0049783
     0.15700000      642259.28     0.63496195      6.0049623
     0.15800000      643318.34     0.63603207      6.0049465
     0.15900000      644356.81     0.63708161      6.0049309
     0.16000000      645374.88     0.63811075      6.0049156
     0.16100000      646372.76     0.63911970      6.0049004
     0.16200000      647350.65     0.64010866      6.0048855
     0.16300000      648308.75     0.64107783      6.0048707
     0.16400000      649247.26     0.64202740      6.0048561
     0.16500000      650166.37     0.64295758      6.0048418
     0.16600000      651066.28     0.64386856      6.0048276
     0.16700000      651947.17     0.64476052      6.0048135
     0.16800000      652809.24     0.64563365      6.0047997
     0.16900000      653652.67     0.64648815      6.0047860
     0.17000000      654477.65     0.64732419      6.0047725
     0.17100000      655284.36     0.64814197      6.0047592
     0.17200000      656072.98     0.64894166      6.0047461
     0.17300000      656843.70     0.64972344      6.0047331
     0.17400000      657596.68     0.65048750      6.0047202
     0.17500000      658332.12     0.65123400      6.0047075
     0.17600000      659050.18     0.65196313      6.0046950
     0.17700000      659751.03     0.65267505      6.0046826
     0.17800000      660434.85     0.65336993      6.0046704
     0.17900000      661101.81     0.65404796      6.0046583
     0.18000000      661752.07     0.65470928      6.0046464
     0.18100000      662385.80     0.65535408      6.0046346
     0.18200000      663003.17     0.65598251      6.0046229
     0.18300000      663604.33     0.65659474      6.0046114
     0.18400000      664189.46     0.65719093      6.0046000
     0.18500000      664758.70     0.65777123      6.0045887
     0.18600000      665312.21     0.65833581      6.0045776
     0.18700000      665850.16     0.65888483      6.0045666
     0.18800000      666372.70     0.65941843      6.0045557
     0.18900000      666879.98     0.65993677      6.0045449
     0.19000000      667372.15     0.66044001      6.0045343
     0.19100000      667849.36     0.66092828      6.0045237
     0.19200000      668311.77     0.66140175      6.0045133
     0.19300000      668759.51     0.66186056      6.0045030
     0.19400000      669192.74     0.66230486      6.0044929
     0.19500000      669611.60     0.66273478      6.0044828
     0.19600000      670016.23     0.66315048      6.0044728
     0.19700000      670406.78     0.66355209      6.0044629
     0.19800000      670783.38     0.66393975      6.0044532
     0.19900000      671146.17     0.66431361      6.0044435
     0.20000000      671495.30     0.66467380      6.0044340
     0.20100000      671830.89     0.66502045      6.0044245
     0.20200000      672153.08     0.66535371      6.0044152
     0.20300000      672462.01     0.66567370      6.0044059
     0.20400000      672757.80     0.66598055      6.0043968
     0.20500000      673040.59     0.66627440      6.0043877
     0.20600000      673310.51     0.66655538      6.0043787
     0.20700000      673567.68     0.66682362      6.0043698
     0.20800000      673812.23     0.66707923      6.0043610
     0.20900000      674044.29     0.66732235      6.0043523
     0.21000000      674263.98     0.66755311      6.0043437
     0.21100000      674471.43     0.66777161      6.0043352
     0.21200000      674666.75     0.66797800      6.0043267
     0.21300000      674850.07     0.66817238      6.0043183
     0.21400000      675021.50     0.66835487      6.0043101
     0.21500000      675181.17     0.66852560      6.0043018
     0.21600000      675329.19     0.66868469      6.0042937
     0.21700000      675465.68     0.66883223      6.0042857
     0.21800000      675590.75     0.66896837      6.0042777
     0.21900000      675704.52     0.66909319      6.0042698
     0.22000000      675807.09     0.66920683      6.0042619
     0.22100000      675898.59     0.66930938      6.0042542
     0.22200000      675979.11     0.66940097      6.0042465
     0.22300000      676048.77     0.66948169      6.0042389
     0.22400000      676107.68     0.66955167      6.0042313
     0.22500000      676155.95     0.66961099      6.0042239
     0.22600000      676193.67     0.66965978      6.0042165
     0.22700000      676220.96     0.66969813      6.0042091
     0.22800000      676237.92     0.66972614      6.0042018
     0.22900000      676244.65     0.66974393      6.0041946
     0.23000000      676241.25     0.66975160      6.0041875
     0.23100000      676227.83     0.66974924      6.0041804
     0.23200000      676204.48     0.66973695      6.0041734
     0.23300000      676171.31     0.66971483      6.0041664
     0.23400000      676128.40     0.66968299      6.0041595
     0.23500000      676075.86     0.66964151      6.0041526
     0.23600000      676013.79     0.66959049      6.0041458
     0.23700000      675942.27     0.66953003      6.0041391
     0.23800000      675861.40     0.66946023      6.0041324
     0.23900000      675771.28     0.66938117      6.0041258
     0.24000000      675672.00     0.66929294      6.0041192
     0.24100000      675563.64     0.66919565      6.0041127
     0.24200000      675446.31     0.66908937      6.0041063
     0.24300000      675320.08     0.66897420      6.0040999
     0.24400000      675185.05     0.66885023      6.0040935
     0.24500000      675041.30     0.66871754      6.0040872
     0.24600000      674888.92     0.66857622      6.0040809
     0.24700000      674728.00     0.66842635      6.0040747
     0.24800000      674558.62     0.66826803      6.0040686
     0.24900000      674380.86     0.66810134      6.0040625
     0.25000000      674194.82     0.66792635      6.0040564
     0.25100000      674000.56     0.66774316      6.0040504
     0.25200000      673798.18     0.66755183      6.0040444
     0.25300000      673587.76     0.66735247      6.0040385
     0.25400000      673369.36     0.66714513      6.0040326
     0.25500000      673143.08     0.66692991      6.0040268
     0.25600000      672909.00     0.66670688      6.0040210
     0.25700000      672667.18     0.66647612      6.0040152
     0.25800000      672417.71     0.66623771      6.0040095
     0.25900000      672160.66     0.66599172      6.0040038
     0.26000000      671896.11     0.66573823      6.0039982
     0.26100000      671624.13     0.66547731      6.0039926
     0.26200000      671344.80     0.66520903      6.0039871
     0.26300000      671058.19     0.66493348      6.0039815
     0.26400000      670764.37     0.66465072      6.0039761
     0.26500000      670463.41     0.66436082      6.0039706
     0.26600000      670155.39     0.66406385      6.0039652
     0.26700000      669840.37     0.66375990      6.0039599
     0.26800000      669518.43     0.66344901      6.0039546
     0.26900000      669189.64     0.66313127      6.0039493
     0.27000000      668854.05     0.66280675      6.0039440
     0.27100000      668511.74     0.66247550      6.0039388
     0.27200000      668162.79     0.66213759      6.0039336
     0.27300000      667807.24     0.66179310      6.0039285
     0.27400000      667445.17     0.66144209      6.0039233
     0.27500000      667076.64     0.66108462      6.0039182
     0.27600000      666701.72     0.66072076      6.0039132
     0.27700000      666320.48     0.66035057      6.0039082
     0.27800000      665932.96     0.65997411      6.0039032
     0.27900000      665539.24     0.65959145      6.0038982
     0.28000000      665139.38     0.65920265      6.0038933
     0.28100000      664733.44     0.65880776      6.0038884
     0.28200000      664321.48     0.65840686      6.0038835
     0.28300000      663903.56     0.65799999      6.0038787
     0.28400000      663479.73     0.65758723      6.0038739
     0.28500000      663050.07     0.65716862      6.0038691
     0.28600000      662614.62     0.65674422      6.0038643
     0.28700000      662173.44     0.65631410      6.0038596
     0.28800000      661726.59     0.65587831      6.0038549
     0.28900000      661274.13     0.65543691      6.0038502
     0.29000000      660816.11     0.65498995      6.0038456
     0.29100000      660352.59     0.65453748      6.0038409
     0.29200000      659883.62     0.65407957      6.0038363
     0.29300000      659409.26     0.65361626      6.0038318
     0.29400000      658929.56     0.65314762      6.0038272
     0.29500000      658444.57     0.65267369      6.0038227
     0.29600000      657954.35     0.65219452      6.0038182
     0.29700000      657458.95     0.65171017      6.0038137
     0.29800000      656958.41     0.65122070      6.0038093
     0.29900000      656452.80     0.65072614      6.0038048
     0.30000000      655942.16     0.65022655      6.0038004
     0.30100000      655426.54     0.64972199      6.0037960
     0.30200000      654905.99     0.64921249      6.0037917
     0.30300000      654380.56     0.64869812      6.0037873
     0.30400000      653850.29     0.64817891      6.0037830
     0.30500000      653315.25     0.64765492      6.0037787
     0.30600000      652775.47     0.64712620      6.0037744
     0.30700000      652231.00     0.64659278      6.0037702
     0.30800000      651681.89     0.64605473      6.0037659
     0.30900000      651128.18     0.64551207      6.0037617
     0.31000000      650569.92     0.64496487      6.0037575
     0.31100000      650007.16     0.64441316      6.0037533
     0.31200000      649439.93     0.64385700      6.0037491
     0.31300000      648868.29     0.64329641      6.0037450
     0.31400000      648292.28     0.64273146      6.0037409
     0.31500000      647711.94     0.64216217      6.0037368
     0.31600000      647127.32     0.64158861      6.0037327
     0.31700000      646538.45     0.64101079      6.0037286
     0.31800000      645945.39     0.64042878      6.0037245
     0.31900000      645348.16     0.63984261      6.0037205
     0.32000000      644746.82     0.63925232      6.0037165
     0.32100000      644141.40     0.63865796      6.0037125
     0.32200000      643531.94     0.63805956      6.0037085
     0.32300000      642918.49     0.63745717      6.0037045
     0.32400000      642301.09     0.63685081      6.0037005
     0.32500000      641679.76     0.63624055      6.0036966
     0.32600000      641054.56     0.63562640      6.0036926
     0.32700000      640425.53     0.63500842      6.0036887
     0.32800000      639792.69     0.63438663      6.0036848
     0.32900000      639156.08     0.63376109      6.0036809
     0.33000000      638515.76     0.63313181      6.0036771
     0.33100000      637871.74     0.63249885      6.0036732
     0.33200000      637224.07     0.63186224      6.0036693
     0.33300000      636572.79     0.63122201      6.0036655
     0.33400000      635917.93     0.63057821      6.0036617
     0.33500000      635259.52     0.62993085      6.0036579
     0.33600000      634597.61     0.62928000      6.0036541
     0.33700000      633932.22     0.62862566      6.0036503
     0.33800000      633263.39     0.62796789      6.0036465
     0.33900000      632591.16     0.62730671      6.0036428
     0.34000000      631915.56     0.62664217      6.0036390
     0.34100000      631236.62     0.62597428      6.0036353
     0.34200000      630554.38     0.62530309      6.0036315
     0.34300000      629868.86     0.62462863      6.0036278
     0.34400000      629180.11     0.62395093      6.0036241
     0.34500000      628488.15     0.62327003      6.0036204
     0.34600000      627793.01     0.62258595      6.0036167
     0.34700000      627094.74     0.62189872      6.0036131
     0.34800000      626393.35     0.62120839      6.0036094
     0.34900000      625688.88     0.62051497      6.0036057
     0.35000000      624981.36     0.61981851      6.0036021
     0.35100000      624270.82     0.61911902      6.0035985
     0.35200000      623557.29     0.61841655      6.0035948
     0.35300000      622840.80     0.61771111      6.0035912
     0.35400000      622121.38     0.61700274      6.0035876
     0.35500000      621399.06     0.61629148      6.0035840
     0.35600000      620673.86     0.61557734      6.0035804
     0.35700000      619945.82     0.61486035      6.0035768
     0.35800000      619214.97     0.61414055      6.0035732
     0.35900000      618481.33     0.61341797      6.0035697
     0.36000000      617744.93     0.61269262      6.0035661
     0.36100000      617005.80     0.61196454      6.0035626
     0.36200000      616263.96     0.61123376      6.0035590
     0.36300000      615519.44     0.61050030      6.0035555
     0.36400000      614772.27     0.60976418      6.0035519
     0.36500000      614022.48     0.60902544      6.0035484
     0.36600000      613270.09     0.60828410      6.0035449
     0.36700000      612515.12     0.60754019      6.0035414
     0.36800000      611757.61     0.60679373      6.0035379
     0.36900000      610997.57     0.60604475      6.0035344
     0.37000000      610235.04     0.60529327      6.0035309
     0.37100000      609470.03     0.60453932      6.0035274
     0.37200000      608702.58     0.60378292      6.0035239
     0.37300000      607932.70     0.60302410      6.0035204
     0.37400000      607160.43     0.60226288      6.0035169
     0.37500000      606385.78     0.60149928      6.0035135
     0.37600000      605608.77     0.60073333      6.0035100
     0.37700000      604829.44     0.59996505      6.0035065
     0.37800000      604047.81     0.59919447      6.0035031
     0.37900000      603263.89     0.59842160      6.0034996
     0.38000000      602477.71     0.59764648      6.0034962
     0.38100000      601689.29     0.59686912      6.0034927
     0.38200000      600898.66     0.59608954      6.0034893
     0.38300000      600105.84     0.59530777      6.0034859
     0.38400000      599310.85     0.59452383      6.0034824
     0.38500000      598513.70     0.59373774      6.0034790
     0.38600000      597714.43     0.59294952      6.0034756
     0.38700000      596913.05     0.59215920      6.0034722
     0.38800000      596109.59     0.59136679      6.0034687
     0.38900000      595304.06     0.59057231      6.0034653
     0.39000000      594496.49     0.58977579      6.0034619
     0.39100000      593686.89     0.58897725      6.0034585
     0.39200000      592875.29     0.58817670      6.0034551
     0.39300000      592061.70     0.58737417      6.0034517
     0.39400000      591246.15     0.58656967      6.0034483
     0.39500000      590428.66     0.58576323      6.0034449
     0.39600000      589609.24     0.58495486      6.0034415
     0.39700000      588787.91     0.58414459      6.0034381
     0.39800000      587964.70     0.58333243      6.0034347
     0.39900000      587139.61     0.58251840      6.0034313
     0.40000000      586312.68     0.58170252      6.0034279
     0.40100000      585483.92     0.58088481      6.0034245
     0.40200000      584653.34     0.58006529      6.0034211
     0.40300000      583820.96     0.57924397      6.0034177
     0.40400000      582986.81     0.57842087      6.0034143
     0.40500000      582150.90     0.57759601      6.0034110
     0.40600000      581313.25     0.57676941      6.0034076
     0.40700000      580473.87     0.57594109      6.0034042
     0.40800000      579632.79     0.57511106      6.0034008
     0.40900000      578790.01     0.57427934      6.0033974
     0.41000000      577945.56     0.57344594      6.0033940
     0.41100000      577099.46     0.57261088      6.0033906
     0.41200000      576251.71     0.57177419      6.0033872
     0.41300000      575402.34     0.57093587      6.0033839
     0.41400000      574551.36     0.57009594      6.0033805
     0.41500000      573698.78     0.56925442      6.0033771
     0.41600000      572844.63     0.56841133      6.0033737
     0.41700000      571988.92     0.56756667      6.0033703
     0.41800000      571131.67     0.56672047      6.0033669
     0.41900000      570272.88     0.56587274      6.0033635
     0.42000000      569412.59     0.56502349      6.0033601
     0.42100000      568550.79     0.56417275      6.0033567
     0.42200000      567687.50     0.56332051      6.0033533
     0.42300000      566822.75     0.56246681      6.0033499
     0.42400000      565956.54     0.56161166      6.0033465
     0.42500000      565088.89     0.56075506      6.0033431
     0.42600000      564219.81     0.55989704      6.0033397
     0.42700000      563349.33     0.55903760      6.0033363
     0.42800000      562477.44     0.55817677      6.0033329
     0.42900000      561604.17     0.55731455      6.0033295
     0.43000000      560729.53     0.55645096      6.0033261
     0.43100000      559853.53     0.55558602      6.0033227
     0.43200000      558976.19     0.55471973      6.0033193
     0.43300000      558097.52     0.55385211      6.0033158
     0.43400000      557217.53     0.55298318      6.0033124
     0.43500000      556336.24     0.55211294      6.0033090
     0.43600000      555453.65     0.55124141      6.0033056
     0.43700000      554569.79     0.55036860      6.0033021
     0.43800000      553684.67     0.54949453      6.0032987
     0.43900000      552798.29     0.54861920      6.0032953
     0.44000000      551910.67     0.54774264      6.0032918
     0.44100000      551021.82     0.54686484      6.0032884
     0.44200000      550131.76     0.54598583      6.0032849
     0.44300000      549240.50     0.54510562      6.0032815
     0.44400000      548348.04     0.54422422      6.0032780
     0.44500000      547454.41     0.54334164      6.0032745
     0.44600000      546559.60     0.54245789      6.0032711
     0.44700000      545663.64     0.54157298      6.0032676
     0.44800000      544766.54     0.54068693      6.0032641
     0.44900000      543868.30     0.53979974      6.0032606
     0.45000000      542968.94     0.53891143      6.0032572
     0.45100000      542068.47     0.53802202      6.0032537
     0.45200000      541166.90     0.53713150      6.0032502
     0.45300000      540264.24     0.53623989      6.0032467
     0.45400000      539360.50     0.53534721      6.0032432
     0.45500000      538455.70     0.53445345      6.0032397
     0.45600000      537549.83     0.53355864      6.0032361
     0.45700000      536642.93     0.53266279      6.0032326
     0.45800000      535734.98     0.53176590      6.0032291
     0.45900000      534826.01     0.53086798      6.0032256
     0.46000000      533916.03     0.52996905      6.0032220
     0.46100000      533005.04     0.52906911      6.0032185
     0.46200000      532093.05     0.52816818      6.0032149
     0.46300000      531180.08     0.52726626      6.0032114
     0.46400000      530266.14     0.52636337      6.0032078
     0.46500000      529351.22     0.52545951      6.0032042
     0.46600000      528435.36     0.52455469      6.0032007
     0.46700000      527518.54     0.52364893      6.0031971
     0.46800000      526600.79     0.52274223      6.0031935
     0.46900000      525682.11     0.52183461      6.0031899
     0.47000000      524762.51     0.52092606      6.0031863
     0.47100000      523842.01     0.52001661      6.0031827
     0.47200000      522920.60     0.51910625      6.0031791
     0.47300000      521998.30     0.51819500      6.0031754
     0.47400000      521075.12     0.51728287      6.0031718
     0.47500000      520151.06     0.51636987      6.0031682
     0.47600000      519226.14     0.51545600      6.0031645
     0.47700000      518300.36     0.51454128      6.0031609
     0.47800000      517373.73     0.51362570      6.0031572
     0.47900000      516446.27     0.51270929      6.0031535
     0.48000000      515517.97     0.51179204      6.0031498
     0.48100000      514588.85     0.51087398      6.0031462
     0.48200000      513658.92     0.50995510      6.0031425
     0.48300000      512728.18     0.50903541      6.0031388
     0.48400000      511796.64     0.50811492      6.0031350
     0.48500000      510864.31     0.50719364      6.0031313
     0.48600000      509931.19     0.50627158      6.0031276
     0.48700000      508997.30     0.50534874      6.0031239
     0.48800000      508062.65     0.50442514      6.0031201
     0.48900000      507127.23     0.50350078      6.0031164
     0.49000000      506191.06     0.50257566      6.0031126
     0.49100000      505254.15     0.50164980      6.0031088
     0.49200000      504316.50     0.50072321      6.0031050
     0.49300000      503378.12     0.49979588      6.0031012
     0.49400000      502439.02     0.49886783      6.0030974
     0.49500000      501499.20     0.49793906      6.0030936
     0.49600000      500558.68     0.49700959      6.0030898
     0.49700000      499617.45     0.49607942      6.0030860
     0.49800000      498675.53     0.49514855      6.0030821
     0.49900000      497732.92     0.49421699      6.0030783
     0.50000000      496789.63     0.49328475      6.0030744
     0.50100000      495845.67     0.49235184      6.0030705
     0.50200000      494901.04     0.49141826      6.0030666
     0.50300000      493955.75     0.49048403      6.0030627
     0.50400000      493009.80     0.48954913      6.0030588
     0.50500000      492063.21     0.48861359      6.0030549
     0.50600000      491115.98     0.48767741      6.0030510
     0.50700000      490168.11     0.48674060      6.0030470
     0.50800000      489219.61     0.48580315      6.0030431
     0.50900000      488270.49     0.48486509      6.0030391
     0.51000000      487320.76     0.48392641      6.0030352
     0.51100000      486370.42     0.48298712      6.0030312
     0.51200000      485419.47     0.48204722      6.0030272
     0.51300000      484467.93     0.48110673      6.0030232
     0.51400000      483515.79     0.48016565      6.0030191
     0.51500000      482563.07     0.47922398      6.0030151
     0.51600000      481609.77     0.47828173      6.0030111
     0.51700000      480655.89     0.47733890      6.0030070
     0.51800000      479701.45     0.47639551      6.0030029
     0.51900000      478746.44     0.47545156      6.0029989
     0.52000000      477790.87     0.47450704      6.0029948
     0.52100000      476834.76     0.47356198      6.0029906
     0.52200000      475878.10     0.47261637      6.0029865
     0.52300000      474920.89     0.47167022      6.0029824
     0.52400000      473963.15     0.47072353      6.0029782
     0.52500000      473004.89     0.46977632      6.0029741
     0.52600000      472046.09     0.46882858      6.0029699
     0.52700000      471086.78     0.46788032      6.0029657
     0.52800000      470126.95     0.46693154      6.0029615
     0.52900000      469166.62     0.46598226      6.0029573
     0.53000000      468205.78     0.46503247      6.0029531
     0.53100000      467244.44     0.46408218      6.0029488
     0.53200000      466282.60     0.46313140      6.0029446
     0.53300000      465320.28     0.46218013      6.0029403
     0.53400000      464357.47     0.46122837      6.0029360
     0.53500000      463394.18     0.46027614      6.0029317
     0.53600000      462430.42     0.45932343      6.0029274
     0.53700000      461466.19     0.45837025      6.0029230
     0.53800000      460501.49     0.45741660      6.0029187
     0.53900000      459536.33     0.45646250      6.0029143
     0.54000000      458570.72     0.45550794      6.0029099
     0.54100000      457604.65     0.45455292      6.0029055
     0.54200000      456638.14     0.45359746      6.0029011
     0.54300000      455671.19     0.45264156      6.0028967
     0.54400000      454703.79     0.45168521      6.0028923
     0.54500000      453735.96     0.45072844      6.0028878
     0.54600000      452767.70     0.44977123      6.0028833
     0.54700000      451799.02     0.44881360      6.0028788
     0.54800000      450829.92     0.44785555      6.0028743
     0.54900000      449860.40     0.44689708      6.0028698
     0.55000000      448890.46     0.44593820      6.0028653
     0.55100000      447920.12     0.44497891      6.0028607
     0.55200000      446949.37     0.44401921      6.0028561
     0.55300000      445978.22     0.44305912      6.0028515
     0.55400000      445006.68     0.44209862      6.0028469
     0.55500000      444034.74     0.44113774      6.0028423
     0.55600000      443062.42     0.44017647      6.0028377
     0.55700000      442089.71     0.43921481      6.0028330
     0.55800000      441116.61     0.43825277      6.0028283
     0.55900000      440143.14     0.43729035      6.0028236
     0.56000000      439169.30     0.43632756      6.0028189
     0.56100000      438195.09     0.43536440      6.0028142
     0.56200000      437220.51     0.43440087      6.0028094
     0.56300000      436245.57     0.43343698      6.0028046
     0.56400000      435270.27     0.43247274      6.0027998
     0.56500000      434294.62     0.43150813      6.0027950
     0.56600000      433318.61     0.43054318      6.0027902
     0.56700000      432342.25     0.42957788      6.0027853
     0.56800000      431365.55     0.42861223      6.0027805
     0.56900000      430388.51     0.42764624      6.0027756
     0.57000000      429411.13     0.42667991      6.0027707
     0.57100000      428433.42     0.42571325      6.0027657
     0.57200000      427455.37     0.42474626      6.0027608
     0.57300000      426477.00     0.42377894      6.0027558
     0.57400000      425498.30     0.42281129      6.0027508
     0.57500000      424519.28     0.42184332      6.0027458
     0.57600000      423539.95     0.42087504      6.0027408
     0.57700000      422560.29     0.41990644      6.0027357
     0.57800000      421580.33     0.41893753      6.0027306
     0.57900000      420600.06     0.41796830      6.0027255
     0.58000000      419619.48     0.41699878      6.0027204
     0.58100000      418638.59     0.41602895      6.0027153
     0.58200000      417657.41     0.41505882      6.0027101
     0.58300000      416675.93     0.41408839      6.0027049
     0.58400000      415694.16     0.41311767      6.0026997
     0.58500000      414712.10     0.41214666      6.0026945
     0.58600000      413729.75     0.41117536      6.0026892
     0.58700000      412747.11     0.41020378      6.0026840
     0.58800000      411764.19     0.40923191      6.0026787
     0.58900000      410780.99     0.40825976      6.0026733
     0.59000000      409797.52     0.40728734      6.0026680
     0.59100000      408813.77     0.40631464      6.0026626
     0.59200000      407829.75     0.40534168      6.0026572
     0.59300000      406845.46     0.40436844      6.0026518
     0.59400000      405860.91     0.40339494      6.0026463
     0.59500000      404876.09     0.40242117      6.0026409
     0.59600000      403891.01     0.40144715      6.0026354
     0.59700000      402905.68     0.40047286      6.0026299
     0.59800000      401920.08     0.39949832      6.0026243
     0.59900000      400934.24     0.39852353      6.0026187
     0.60000000      399948.15     0.39754849      6.0026131
     0.60100000      398961.80     0.39657320      6.0026075
     0.60200000      397975.21     0.39559766      6.0026019
     0.60300000      396988.38     0.39462188      6.0025962
     0.60400000      396001.31     0.39364586      6.0025905
     0.60500000      395014.00     0.39266960      6.0025848
     0.60600000      394026.46     0.39169311      6.0025790
     0.60700000      393038.68     0.39071638      6.0025732
     0.60800000      392050.67     0.38973943      6.0025674
     0.60900000      391062.43     0.38876224      6.0025616
     0.61000000      390073.96     0.38778483      6.0025557
     0.61100000      389085.27     0.38680719      6.0025498
     0.61200000      388096.36     0.38582933      6.0025439
     0.61300000      387107.23     0.38485125      6.0025380
     0.61400000      386117.88     0.38387295      6.0025320
     0.61500000      385128.32     0.38289444      6.0025260
     0.61600000      384138.54     0.38191571      6.0025199
     0.61700000      383148.55     0.38093678      6.0025139
     0.61800000      382158.35     0.37995763      6.0025078
     0.61900000      381167.94     0.37897828      6.0025016
     0.62000000      380177.33     0.37799872      6.0024955
     0.62100000      379186.52     0.37701896      6.0024893
     0.62200000      378195.51     0.37603899      6.0024831
     0.62300000      377204.29     0.37505883      6.0024768
     0.62400000      376212.88     0.37407847      6.0024705
     0.62500000      375221.28     0.37309792      6.0024642
     0.62600000      374229.48     0.37211717      6.0024578
     0.62700000      373237.49     0.37113624      6.0024515
     0.62800000      372245.31     0.37015511      6.0024451
     0.62900000      371252.95     0.36917380      6.0024386
     0.63000000      370260.39     0.36819230      6.0024321
     0.63100000      369267.66     0.36721061      6.0024256
     0.63200000      368274.74     0.36622875      6.0024191
     0.63300000      367281.65     0.36524670      6.0024125
     0.63400000      366288.37     0.36426448      6.0024059
     0.63500000      365294.92     0.36328208      6.0023992
     0.63600000      364301.29     0.36229951      6.0023925
     0.63700000      363307.49     0.36131676      6.0023858
     0.63800000      362313.52     0.36033384      6.0023791
     0.63900000      361319.38     0.35935075      6.0023723
     0.64000000      360325.08     0.35836750      6.0023654
     0.64100000      359330.60     0.35738408      6.0023586
     0.64200000      358335.96     0.35640049      6.0023517
     0.64300000      357341.16     0.35541674      6.0023447
     0.64400000      356346.20     0.35443283      6.0023378
     0.64500000      355351.08     0.35344876      6.0023307
     0.64600000      354355.80     0.35246453      6.0023237
     0.64700000      353360.36     0.35148015      6.0023166
     0.64800000      352364.77     0.35049561      6.0023095
     0.64900000      351369.02     0.34951092      6.0023023
     0.65000000      350373.13     0.34852607      6.0022951
     0.65100000      349377.08     0.34754108      6.0022878
     0.65200000      348380.89     0.34655593      6.0022805
     0.65300000      347384.54     0.34557064      6.0022732
     0.65400000      346388.05     0.34458520      6.0022658
     0.65500000      345391.42     0.34359962      6.0022584
     0.65600000      344394.64     0.34261390      6.0022510
     0.65700000      343397.72     0.34162803      6.0022435
     0.65800000      342400.67     0.34064202      6.0022359
     0.65900000      341403.47     0.33965588      6.0022284
     0.66000000      340406.13     0.33866960      6.0022207
     0.66100000      339408.66     0.33768318      6.0022131
     0.66200000      338411.06     0.33669662      6.0022054
     0.66300000      337413.32     0.33570994      6.0021976
     0.66400000      336415.45     0.33472312      6.0021898
     0.66500000      335417.45     0.33373617      6.0021819
     0.66600000      334419.32     0.33274909      6.0021740
     0.66700000      333421.06     0.33176188      6.0021661
     0.66800000      332422.67     0.33077455      6.0021581
     0.66900000      331424.16     0.32978709      6.0021501
     0.67000000      330425.52     0.32879951      6.0021420
     0.67100000      329426.77     0.32781180      6.0021339
     0.67200000      328427.88     0.32682397      6.0021257
     0.67300000      327428.88     0.32583602      6.0021175
     0.67400000      326429.76     0.32484795      6.0021092
     0.67500000      325430.52     0.32385977      6.0021009
     0.67600000      324431.17     0.32287146      6.0020925
     0.67700000      323431.70     0.32188304      6.0020840
     0.67800000      322432.11     0.32089451      6.0020756
     0.67900000      321432.41     0.31990586      6.0020670
     0.68000000      320432.60     0.31891710      6.0020585
     0.68100000      319432.67     0.31792822      6.0020498
     0.68200000      318432.64     0.31693924      6.0020411
     0.68300000      317432.49     0.31595015      6.0020324
     0.68400000      316432.24     0.31496095      6.0020236
     0.68500000      315431.88     0.31397164      6.0020147
     0.68600000      314431.42     0.31298223      6.0020058
     0.68700000      313430.85     0.31199271      6.0019969
     0.68800000      312430.17     0.31100309      6.0019878
     0.68900000      311429.40     0.31001337      6.0019788
     0.69000000      310428.52     0.30902354      6.0019696
     0.69100000      309427.54     0.30803361      6.0019604
     0.69200000      308426.46     0.30704359      6.0019512
     0.69300000      307425.28     0.30605346      6.0019419
     0.69400000      306424.01     0.30506324      6.0019325
     0.69500000      305422.64     0.30407292      6.0019230
     0.69600000      304421.17     0.30308250      6.0019136
     0.69700000      303419.61     0.30209199      6.0019040
     0.69800000      302417.95     0.30110139      6.0018944
     0.69900000      301416.20     0.30011069      6.0018847
     0.70000000      300414.36     0.29911990      6.0018749
     0.70100000      299412.43     0.29812902      6.0018651
     0.70200000      298410.40     0.29713805      6.0018553
     0.70300000      297408.29     0.29614698      6.0018453
     0.70400000      296406.09     0.29515583      6.0018353
     0.70500000      295403.80     0.29416460      6.0018252
     0.70600000      294401.42     0.29317327      6.0018151
     0.70700000      293398.96     0.29218186      6.0018049
     0.70800000      292396.41     0.29119037      6.0017946
     0.70900000      291393.78     0.29019879      6.0017843
     0.71000000      290391.07     0.28920713      6.0017738
     0.71100000      289388.27     0.28821538      6.0017633
     0.71200000      288385.40     0.28722356      6.0017528
     0.71300000      287382.44     0.28623165      6.0017421
     0.71400000      286379.40     0.28523966      6.0017314
     0.71500000      285376.28     0.28424760      6.0017206
     0.71600000      284373.08     0.28325545      6.0017098
     0.71700000      283369.81     0.28226323      6.0016988
     0.71800000      282366.46     0.28127093      6.0016878
     0.71900000      281363.03     0.28027855      6.0016767
     0.72000000      280359.52     0.27928610      6.0016656
     0.72100000      279355.95     0.27829358      6.0016543
     0.72200000      278352.29     0.27730098      6.0016430
     0.72300000      277348.57     0.27630830      6.0016316
     0.72400000      276344.77     0.27531556      6.0016201
     0.72500000      275340.90     0.27432274      6.0016085
     0.72600000      274336.96     0.27332985      6.0015968
     0.72700000      273332.95     0.27233689      6.0015851
     0.72800000      272328.87     0.27134387      6.0015732
     0.72900000      271324.72     0.27035077      6.0015613
     0.73000000      270320.51     0.26935760      6.0015493
     0.73100000      269316.22     0.26836437      6.0015372
     0.73200000      268311.87     0.26737107      6.0015250
     0.73300000      267307.45     0.26637770      6.0015128
     0.73400000      266302.97     0.26538427      6.0015004
     0.73500000      265298.42     0.26439078      6.0014879
     0.73600000      264293.81     0.26339722      6.0014754
     0.73700000      263289.13     0.26240359      6.0014627
     0.73800000      262284.39     0.26140990      6.0014500
     0.73900000      261279.59     0.26041615      6.0014371
     0.74000000      260274.73     0.25942234      6.0014242
     0.74100000      259269.80     0.25842847      6.0014111
     0.74200000      258264.82     0.25743454      6.0013980
     0.74300000      257259.77     0.25644054      6.0013848
     0.74400000      256254.67     0.25544649      6.0013714
     0.74500000      255249.51     0.25445238      6.0013580
     0.74600000      254244.28     0.25345821      6.0013444
     0.74700000      253239.01     0.25246399      6.0013307
     0.74800000      252233.67     0.25146970      6.0013170
     0.74900000      251228.28     0.25047536      6.0013031
     0.75000000      250222.83     0.24948097      6.0012891
     0.75100000      249217.33     0.24848651      6.0012750
     0.75200000      248211.77     0.24749201      6.0012608
     0.75300000      247206.16     0.24649745      6.0012464
     0.75400000      246200.49     0.24550283      6.0012320
     0.75500000      245194.77     0.24450817      6.0012174
     0.75600000      244189.00     0.24351345      6.0012027
     0.75700000      243183.18     0.24251868      6.0011879
     0.75800000      242177.30     0.24152385      6.0011730
     0.75900000      241171.38     0.24052898      6.0011579
     0.76000000      240165.40     0.23953405      6.0011427
     0.76100000      239159.37     0.23853908      6.0011274
     0.76200000      238153.30     0.23754405      6.0011120
     0.76300000      237147.17     0.23654898      6.0010964
     0.76400000      236141.00     0.23555386      6.0010807
     0.76500000      235134.77     0.23455869      6.0010649
     0.76600000      234128.50     0.23356347      6.0010489
     0.76700000      233122.19     0.23256820      6.0010328
     0.76800000      232115.82     0.23157289      6.0010166
     0.76900000      231109.41     0.23057753      6.0010002
     0.77000000      230102.96     0.22958213      6.0009837
     0.77100000      229096.46     0.22858668      6.0009670
     0.77200000      228089.91     0.22759119      6.0009502
     0.77300000      227083.32     0.22659565      6.0009332
     0.77400000      226076.69     0.22560007      6.0009161
     0.77500000      225070.01     0.22460444      6.0008989
     0.77600000      224063.29     0.22360877      6.0008814
     0.77700000      223056.53     0.22261306      6.0008639
     0.77800000      222049.72     0.22161731      6.0008461
     0.77900000      221042.87     0.22062151      6.0008282
     0.78000000      220035.99     0.21962568      6.0008102
     0.78100000      219029.06     0.21862980      6.0007919
     0.78200000      218022.09     0.21763388      6.0007735
     0.78300000      217015.08     0.21663792      6.0007550
     0.78400000      216008.03     0.21564192      6.0007363
     0.78500000      215000.94     0.21464589      6.0007173
     0.78600000      213993.81     0.21364981      6.0006983
     0.78700000      212986.64     0.21265370      6.0006790
     0.78800000      211979.44     0.21165754      6.0006595
     0.78900000      210972.19     0.21066135      6.0006399
     0.79000000      209964.91     0.20966512      6.0006201
     0.79100000      208957.59     0.20866886      6.0006001
     0.79200000      207950.24     0.20767255      6.0005799
     0.79300000      206942.85     0.20667622      6.0005595
     0.79400000      205935.42     0.20567984      6.0005389
     0.79500000      204927.96     0.20468343      6.0005181
     0.79600000      203920.46     0.20368699      6.0004971
     0.79700000      202912.93     0.20269050      6.0004759
     0.79800000      201905.36     0.20169399      6.0004545
     0.79900000      200897.76     0.20069744      6.0004328
     0.80000000      199890.13     0.19970086      6.0004110
     0.80100000      198882.46     0.19870424      6.0003889
     0.80200000      197874.76     0.19770759      6.0003666
     0.80300000      196867.02     0.19671091      6.0003441
     0.80400000      195859.26     0.19571419      6.0003213
     0.80500000      194851.46     0.19471745      6.0002984
     0.80600000      193843.63     0.19372067      6.0002751
     0.80700000      192835.76     0.19272385      6.0002517
     0.80800000      191827.87     0.19172701      6.0002280
     0.80900000      190819.94     0.19073014      6.0002040
     0.81000000      189811.99     0.18973323      6.0001798
     0.81100000      188804.00     0.18873630      6.0001553
     0.81200000      187795.98     0.18773934      6.0001306
     0.81300000      186787.94     0.18674234      6.0001056
     0.81400000      185779.86     0.18574532      6.0000803
     0.81500000      184771.76     0.18474827      6.0000548
     0.81600000      183763.62     0.18375118      6.0000290
     0.81700000      182755.46     0.18275407      6.0000029
     0.81800000      181747.27     0.18175694      5.9999765
     0.81900000      180739.05     0.18075977      5.9999498
     0.82000000      179730.81     0.17976257      5.9999228
     0.82100000      178722.53     0.17876535      5.9998955
     0.82200000      177714.23     0.17776810      5.9998679
     0.82300000      176705.91     0.17677083      5.9998400
     0.82400000      175697.55     0.17577353      5.9998118
     0.82500000      174689.17     0.17477620      5.9997833
     0.82600000      173680.76     0.17377884      5.9997544
     0.82700000      172672.33     0.17278146      5.9997252
     0.82800000      171663.87     0.17178405      5.9996956
     0.82900000      170655.39     0.17078662      5.9996657
     0.83000000      169646.88     0.16978917      5.9996355
     0.83100000      168638.35     0.16879168      5.9996049
     0.83200000      167629.79     0.16779418      5.9995739
     0.83300000      166621.21     0.16679665      5.9995425
     0.83400000      165612.60     0.16579909      5.9995108
     0.83500000      164603.97     0.16480151      5.9994787
     0.83600000      163595.31     0.16380391      5.9994462
     0.83700000      162586.64     0.16280628      5.9994132
     0.83800000      161577.94     0.16180864      5.9993799
     0.83900000      160569.21     0.16081096      5.9993462
     0.84000000      159560.46     0.15981327      5.9993120
     0.84100000      158551.70     0.15881555      5.9992774
     0.84200000      157542.90     0.15781781      5.9992424
     0.84300000      156534.09     0.15682005      5.9992069
     0.84400000      155525.26     0.15582227      5.9991710
     0.84500000      154516.40     0.15482446      5.9991346
     0.84600000      153507.52     0.15382664      5.9990977
     0.84700000      152498.62     0.15282879      5.9990603
     0.84800000      151489.70     0.15183092      5.9990225
     0.84900000      150480.76     0.15083303      5.9989841
     0.85000000      149471.80     0.14983512      5.9989452
     0.85100000      148462.82     0.14883719      5.9989058
     0.85200000      147453.82     0.14783924      5.9988659
     0.85300000      146444.79     0.14684127      5.9988254
     0.85400000      145435.75     0.14584328      5.9987843
     0.85500000      144426.69     0.14484527      5.9987427
     0.85600000      143417.61     0.14384724      5.9987005
     0.85700000      142408.51     0.14284920      5.9986577
     0.85800000      141399.39     0.14185113      5.9986143
     0.85900000      140390.25     0.14085304      5.9985703
     0.86000000      139381.10     0.13985494      5.9985256
     0.86100000      138371.92     0.13885682      5.9984803
     0.86200000      137362.73     0.13785867      5.9984344
     0.86300000      136353.52     0.13686052      5.9983877
     0.86400000      135344.29     0.13586234      5.9983404
     0.86500000      134335.04     0.13486414      5.9982924
     0.86600000      133325.78     0.13386593      5.9982436
     0.86700000      132316.50     0.13286770      5.9981941
     0.86800000      131307.20     0.13186946      5.9981439
     0.86900000      130297.88     0.13087119      5.9980929
     0.87000000      129288.55     0.12987291      5.9980411
     0.87100000      128279.20     0.12887462      5.9979884
     0.87200000      127269.84     0.12787630      5.9979350
     0.87300000      126260.46     0.12687797      5.9978807
     0.87400000      125251.06     0.12587963      5.9978255
     0.87500000      124241.64     0.12488126      5.9977695
     0.87600000      123232.22     0.12388289      5.9977125
     0.87700000      122222.77     0.12288449      5.9976546
     0.87800000      121213.31     0.12188608      5.9975957
     0.87900000      120203.83     0.12088766      5.9975359
     0.88000000      119194.34     0.11988922      5.9974751
     0.88100000      118184.83     0.11889076      5.9974132
     0.88200000      117175.31     0.11789229      5.9973503
     0.88300000      116165.78     0.11689381      5.9972862
     0.88400000      115156.23     0.11589531      5.9972211
     0.88500000      114146.66     0.11489680      5.9971548
     0.88600000      113137.08     0.11389827      5.9970874
     0.88700000      112127.49     0.11289973      5.9970188
     0.88800000      111117.88     0.11190117      5.9969489
     0.88900000      110108.26     0.11090260      5.9968777
     0.89000000      109098.62     0.10990402      5.9968053
     0.89100000      108088.97     0.10890542      5.9967315
     0.89200000      107079.31     0.10790681      5.9966563
     0.89300000      106069.63     0.10690818      5.9965797
     0.89400000      105059.94     0.10590955      5.9965016
     0.89500000      104050.24     0.10491090      5.9964221
     0.89600000      103040.52     0.10391223      5.9963409
     0.89700000      102030.80     0.10291356      5.9962583
     0.89800000      101021.05     0.10191487      5.9961739
     0.89900000      100011.30     0.10091616      5.9960879
     0.90000000      99001.535    0.099917450      5.9960001
     0.90100000      97991.756    0.098918723      5.9959106
     0.90200000      96981.966    0.097919985      5.9958192
     0.90300000      95972.163    0.096921234      5.9957259
     0.90400000      94962.348    0.095922471      5.9956306
     0.90500000      93952.521    0.094923696      5.9955334
     0.90600000      92942.683    0.093924909      5.9954340
     0.90700000      91932.833    0.092926111      5.9953324
     0.90800000      90922.971    0.091927302      5.9952287
     0.90900000      89913.099    0.090928480      5.9951226
     0.91000000      88903.214    0.089929648      5.9950141
     0.91100000      87893.319    0.088930805      5.9949032
     0.91200000      86883.413    0.087931950      5.9947897
     0.91300000      85873.495    0.086933085      5.9946736
     0.91400000      84863.567    0.085934208      5.9945548
     0.91500000      83853.628    0.084935321      5.9944331
     0.91600000      82843.679    0.083936423      5.9943085
     0.91700000      81833.718    0.082937515      5.9941808
     0.91800000      80823.748    0.081938597      5.9940500
     0.91900000      79813.767    0.080939668      5.9939160
     0.92000000      78803.776    0.079940729      5.9937785
     0.92100000      77793.775    0.078941779      5.9936375
     0.92200000      76783.764    0.077942820      5.9934928
     0.92300000      75773.743    0.076943851      5.9933444
     0.92400000      74763.712    0.075944872      5.9931920
     0.92500000      73753.672    0.074945883      5.9930354
     0.92600000      72743.622    0.073946885      5.9928746
     0.92700000      71733.562    0.072947877      5.9927093
     0.92800000      70723.493    0.071948860      5.9925393
     0.92900000      69713.414    0.070949833      5.9923645
     0.93000000      68703.327    0.069950798      5.9921847
     0.93100000      67693.230    0.068951753      5.9919995
     0.93200000      66683.124    0.067952699      5.9918088
     0.93300000      65673.009    0.066953636      5.9916123
     0.93400000      64662.886    0.065954564      5.9914098
     0.93500000      63652.753    0.064955484      5.9912009
     0.93600000      62642.612    0.063956394      5.9909854
     0.93700000      61632.463    0.062957296      5.9907630
     0.93800000      60622.304    0.061958190      5.9905333
     0.93900000      59612.138    0.060959075      5.9902959
     0.94000000      58601.962    0.059959952      5.9900504
     0.94100000      57591.779    0.058960820      5.9897965
     0.94200000      56581.588    0.057961681      5.9895337
     0.94300000      55571.388    0.056962533      5.9892615
     0.94400000      54561.180    0.055963377      5.9889794
     0.94500000      53550.965    0.054964213      5.9886868
     0.94600000      52540.741    0.053965042      5.9883832
     0.94700000      51530.510    0.052965862      5.9880679
     0.94800000      50520.271    0.051966675      5.9877403
     0.94900000      49510.024    0.050967480      5.9873995
     0.95000000      48499.770    0.049968278      5.9870448
     0.95100000      47489.509    0.048969068      5.9866754
     0.95200000      46479.239    0.047969851      5.9862902
     0.95300000      45468.963    0.046970627      5.9858882
     0.95400000      44458.679    0.045971395      5.9854684
     0.95500000      43448.389    0.044972156      5.9850295
     0.95600000      42438.091    0.043972910      5.9845702
     0.95700000      41427.786    0.042973656      5.9840890
     0.95800000      40417.474    0.041974396      5.9835843
     0.95900000      39407.155    0.040975129      5.9830543
     0.96000000      38396.829    0.039975855      5.9824971
     0.96100000      37386.496    0.038976575      5.9819106
     0.96200000      36376.157    0.037977287      5.9812924
     0.96300000      35365.811    0.036977993      5.9806398
     0.96400000      34355.459    0.035978692      5.9799499
     0.96500000      33345.100    0.034979385      5.9792194
     0.96600000      32334.734    0.033980072      5.9784445
     0.96700000      31324.363    0.032980752      5.9776212
     0.96800000      30313.984    0.031981426      5.9767447
     0.96900000      29303.600    0.030982093      5.9758098
     0.97000000      28293.210    0.029982754      5.9748102
     0.97100000      27282.813    0.028983410      5.9737392
     0.97200000      26272.410    0.027984059      5.9725887
     0.97300000      25262.001    0.026984702      5.9713497
     0.97400000      24251.587    0.025985339      5.9700113
     0.97500000      23241.166    0.024985970      5.9685612
     0.97600000      22230.740    0.023986596      5.9669848
     0.97700000      21220.308    0.022987215      5.9652648
     0.97800000      20209.870    0.021987829      5.9633807
     0.97900000      19199.426    0.020988438      5.9613077
     0.98000000      18188.977    0.019989040      5.9590159
     0.98100000      17178.522    0.018989637      5.9564686
     0.98200000      16168.062    0.017990229      5.9536208
     0.98300000      15157.596    0.016990815      5.9504156
     0.98400000      14147.125    0.015991396      5.9467813
     0.98500000      13136.649    0.014991972      5.9426253
     0.98600000      12126.168    0.013992542      5.9378264
     0.98700000      11115.681    0.012993107      5.9322225
     0.98800000      10105.189    0.011993667      5.9255919
     0.98900000      9094.6916    0.010994222      5.9176230
     0.99000000      8084.1894   0.0099947712      5.9078631
     0.99100000      7073.6822   0.0089953159      5.8956286
     0.99200000      6063.1700   0.0079958556      5.8798342
     0.99300000      5052.6529   0.0069963903      5.8586448
     0.99400000      4042.1310   0.0059969202      5.8286815
     0.99500000      3031.6042   0.0049974453      5.7829237
     0.99600000      2021.0726   0.0039979656      5.7037420
     0.99700000      1010.5364   0.0029984812      5.5276493
     0.99800000  -0.0045856207   0.0019989921     0.51771917
     0.99900000  1.0105502E+18  0.00099949832      21.004776
