    0.010000000      1778.5966    0.085163036      4.3198055
    0.020000000      2527.4111     0.16127015      4.1950942
    0.030000000      3194.3526     0.22918314      4.1441690
    0.040000000      3787.2123     0.28968177      4.1163653
    0.050000000      4313.0399     0.34347161      4.0988580
    0.060000000      4778.2145     0.39119109      4.0868411
    0.070000000      5188.5079     0.43341787      4.0780994
    0.080000000      5549.1428     0.47067467      4.0714682
    0.090000000      5864.8448     0.50343443      4.0662763
     0.10000000      6139.8899     0.53212510      4.0621092
     0.11000000      6378.1469     0.55713391      4.0586970
     0.12000000      6583.1169     0.57881124      4.0558564
     0.13000000      6757.9675     0.59747411      4.0534586
     0.14000000      6905.5649     0.61340939      4.0514102
     0.15000000      7028.5025     0.62687665      4.0496420
     0.16000000      7129.1272     0.63811075      4.0481014
     0.17000000      7209.5622     0.64732419      4.0467481
     0.18000000      7271.7289     0.65470928      4.0455501
     0.19000000      7317.3656     0.66044001      4.0444822
     0.20000000      7348.0455     0.66467380      4.0435240
     0.21000000      7365.1919     0.66755311      4.0426589
     0.22000000      7370.0927     0.66920683      4.0418731
     0.23000000      7363.9131     0.66975160      4.0411554
     0.24000000      7347.7076     0.66929294      4.0404961
     0.25000000      7322.4304     0.66792635      4.0398871
     0.26000000      7288.9446     0.66573823      4.0393215
     0.27000000      7248.0315     0.66280675      4.0387934
     0.28000000      7200.3978     0.65920265      4.0382978
     0.29000000      7146.6832     0.65498995      4.0378301
     0.30000000      7087.4662     0.65022655      4.0373865
     0.31000000      7023.2705     0.64496487      4.0369634
     0.32000000      6954.5698     0.63925232      4.0365580
     0.33000000      6881.7930     0.63313181      4.0361675
     0.34000000      6805.3278     0.62664217      4.0357894
     0.35000000      6725.5254     0.61981851      4.0354216
     0.36000000      6642.7031     0.61269262      4.0350621
     0.37000000      6557.1485     0.60529327      4.0347091
     0.38000000      6469.1216     0.59764648      4.0343608
     0.39000000      6378.8576     0.58977579      4.0340158
     0.40000000      6286.5693     0.58170252      4.0336726
     0.41000000      6192.4496     0.57344594      4.0333298
     0.42000000      6096.6725     0.56502349      4.0329861
     0.43000000      5999.3959     0.55645096      4.0326403
     0.44000000      5900.7624     0.54774264      4.0322913
     0.45000000      5800.9012     0.53891143      4.0319377
     0.46000000      5699.9291     0.52996905      4.0315786
     0.47000000      5597.9519     0.52092606      4.0312127
     0.48000000      5495.0651     0.51179204      4.0308389
     0.49000000      5391.3553     0.50257566      4.0304560
     0.50000000      5286.9008     0.49328475      4.0300629
     0.51000000      5181.7726     0.48392641      4.0296585
     0.52000000      5076.0347     0.47450704      4.0292413
     0.53000000      4969.7451     0.46503247      4.0288102
     0.54000000      4862.9564     0.45550794      4.0283637
     0.55000000      4755.7160     0.44593820      4.0279005
     0.56000000      4648.0670     0.43632756      4.0274190
     0.57000000      4540.0481     0.42667991      4.0269174
     0.58000000      4431.6947     0.41699878      4.0263942
     0.59000000      4323.0385     0.40728734      4.0258473
     0.60000000      4214.1083     0.39754849      4.0252746
     0.61000000      4104.9303     0.38778483      4.0246739
     0.62000000      3995.5280     0.37799872      4.0240428
     0.63000000      3885.9227     0.36819230      4.0233783
     0.64000000      3776.1339     0.35836750      4.0226775
     0.65000000      3666.1788     0.34852607      4.0219371
     0.66000000      3556.0735     0.33866960      4.0211532
     0.67000000      3445.8320     0.32879951      4.0203215
     0.68000000      3335.4675     0.31891710      4.0194374
     0.69000000      3224.9916     0.30902354      4.0184954
     0.70000000      3114.4150     0.29911990      4.0174895
     0.71000000      3003.7471     0.28920713      4.0164126
     0.72000000      2892.9968     0.27928610      4.0152567
     0.73000000      2782.1717     0.26935760      4.0140126
     0.74000000      2671.2792     0.25942234      4.0126697
     0.75000000      2560.3255     0.24948097      4.0112154
     0.76000000      2449.3165     0.23953405      4.0096352
     0.77000000      2338.2574     0.22958213      4.0079116
     0.78000000      2227.1531     0.21962568      4.0060241
     0.79000000      2116.0078     0.20966512      4.0039480
     0.80000000      2004.8254     0.19970086      4.0016534
     0.81000000      1893.6095     0.18973323      3.9991035
     0.82000000      1782.3632     0.17976257      3.9962531
     0.83000000      1671.0894     0.16978917      3.9930456
     0.84000000      1559.7908     0.15981327      3.9894090
     0.85000000      1448.4697     0.14983512      3.9852509
     0.86000000      1337.1283     0.13985494      3.9804498
     0.87000000      1225.7685     0.12987291      3.9748438
     0.88000000      1114.3920     0.11988922      3.9682111
     0.89000000      1003.0004     0.10990402      3.9602399
     0.90000000      891.59516    0.099917450      3.9504777
     0.91000000      780.17760    0.089929648      3.9382405
     0.92000000      668.74888    0.079940729      3.9224430
     0.93000000      557.31005    0.069950798      3.9012497
     0.94000000      445.86208    0.059959952      3.8712809
     0.95000000      334.40584    0.049968278      3.8255146
     0.96000000      222.94211    0.039975855      3.7463165
     0.97000000      111.47161    0.029982754      3.5701759
     0.98000000  -0.0050174682    0.019989040    0.097261115
     0.99000000  1.1148719E+17   0.0099947712      19.047452
