      0.0000000      0.0000000      1.0000000
    0.010000000      0.0000000      1.0628319
    0.020000000  -0.0041958920      1.1256637
    0.030000000   -0.012093258      1.1885094
    0.040000000   -0.023280104      1.2513885
    0.050000000   -0.037409181      1.3143223
    0.060000000   -0.054184684      1.3773315
    0.070000000   -0.073352207      1.4404348
    0.080000000   -0.094691084      1.5036487
    0.090000000    -0.11800847      1.5669871
     0.10000000    -0.14313473      1.6304618
     0.11000000    -0.16991977      1.6940821
     0.12000000    -0.19823013      1.7578554
     0.13000000    -0.22794660      1.8217872
     0.14000000    -0.25896227      1.8858816
     0.15000000    -0.29118093      1.9501412
     0.16000000    -0.32451572      2.0145675
     0.17000000    -0.35888798      2.0791609
     0.18000000    -0.39422633      2.1439210
     0.19000000    -0.43046578      2.2088468
     0.20000000    -0.46754709      2.2739367
     0.21000000    -0.50541610      2.3391886
     0.22000000    -0.54402321      2.4045999
     0.23000000    -0.58332292      2.4701680
     0.24000000    -0.62327341      2.5358897
     0.25000000    -0.66383620      2.6017619
     0.26000000    -0.70497579      2.6677812
     0.27000000    -0.74665941      2.7339444
     0.28000000    -0.78885675      2.8002478
     0.29000000    -0.83153973      2.8666880
     0.30000000    -0.87468235      2.9332616
     0.31000000    -0.91826041      2.9999650
     0.32000000    -0.96225145      3.0667949
     0.33000000     -1.0066346      3.1337477
     0.34000000     -1.0513902      3.2008202
     0.35000000     -1.0965003      3.2680091
     0.36000000     -1.1419477      3.3353112
     0.37000000     -1.1877166      3.4027234
     0.38000000     -1.2337921      3.4702426
     0.39000000     -1.2801602      3.5378659
     0.40000000     -1.3268079      3.6055903
     0.41000000     -1.3737229      3.6734130
     0.42000000     -1.4208935      3.7413314
     0.43000000     -1.4683091      3.8093428
     0.44000000     -1.5159593      3.8774446
     0.45000000     -1.5638344      3.9456344
     0.46000000     -1.6119254      4.0139097
     0.47000000     -1.6602236      4.0822683
     0.48000000     -1.7087210      4.1507078
     0.49000000     -1.7574099      4.2192262
     0.50000000     -1.8062829      4.2878213
     0.51000000     -1.8553332      4.3564910
     0.52000000     -1.9045543      4.4252335
     0.53000000     -1.9539399      4.4940468
     0.54000000     -2.0034842      4.5629291
     0.55000000     -2.0531816      4.6318786
     0.56000000     -2.1030267      4.7008936
     0.57000000     -2.1530145      4.7699724
     0.58000000     -2.2031402      4.8391135
     0.59000000     -2.2533992      4.9083153
     0.60000000     -2.3037871      4.9775762
     0.61000000     -2.3542997      5.0468949
     0.62000000     -2.4049330      5.1162698
     0.63000000     -2.4556834      5.1856998
     0.64000000     -2.5065470      5.2551834
     0.65000000     -2.5575204      5.3247194
     0.66000000     -2.6086004      5.3943066
     0.67000000     -2.6597836      5.4639437
     0.68000000     -2.7110672      5.5336296
     0.69000000     -2.7624481      5.6033632
     0.70000000     -2.8139235      5.6731435
     0.71000000     -2.8654908      5.7429693
     0.72000000     -2.9171473      5.8128396
     0.73000000     -2.9688907      5.8827535
     0.74000000     -3.0207185      5.9527100
     0.75000000     -3.0726284      6.0227082
     0.76000000     -3.1246182      6.0927471
     0.77000000     -3.1766859      6.1628260
     0.78000000     -3.2288294      6.2329439
     0.79000000     -3.2810466      6.3031001
     0.80000000     -3.3333359      6.3732937
     0.81000000     -3.3856952      6.4435241
     0.82000000     -3.4381229      6.5137903
     0.83000000     -3.4906173      6.5840917
     0.84000000     -3.5431768      6.6544276
     0.85000000     -3.5957997      6.7247973
     0.86000000     -3.6484846      6.7952002
     0.87000000     -3.7012300      6.8656355
     0.88000000     -3.7540344      6.9361027
     0.89000000     -3.8068966      7.0066011
     0.90000000     -3.8598151      7.0771301
     0.91000000     -3.9127888      7.1476892
     0.92000000     -3.9658163      7.2182778
     0.93000000     -4.0188965      7.2888953
     0.94000000     -4.0720282      7.3595412
     0.95000000     -4.1252103      7.4302150
     0.96000000     -4.1784417      7.5009162
     0.97000000     -4.2317213      7.5716442
     0.98000000     -4.2850481      7.6423986
     0.99000000     -4.3384212      7.7131790
      1.0000000     -4.3918396      7.7839848
      1.0100000     -4.4453022      7.8548156
      1.0200000     -4.4988084      7.9256710
      1.0300000     -4.5523570      7.9965506
      1.0400000     -4.6059474      8.0674539
      1.0500000     -4.6595787      8.1383806
      1.0600000     -4.7132501      8.2093302
      1.0700000     -4.7669607      8.2803024
      1.0800000     -4.8207099      8.3512967
      1.0900000     -4.8744969      8.4223129
      1.1000000     -4.9283209      8.4933505
      1.1100000     -4.9821814      8.5644092
      1.1200000     -5.0360775      8.6354888
      1.1300000     -5.0900087      8.7065887
      1.1400000     -5.1439743      8.7777088
      1.1500000     -5.1979737      8.8488487
      1.1600000     -5.2520063      8.9200080
      1.1700000     -5.3060715      8.9911865
      1.1800000     -5.3601686      9.0623840
      1.1900000     -5.4142972      9.1336000
      1.2000000     -5.4684567      9.2048343
      1.2100000     -5.5226465      9.2760867
      1.2200000     -5.5768662      9.3473568
      1.2300000     -5.6311152      9.4186445
      1.2400000     -5.6853931      9.4899493
      1.2500000     -5.7396993      9.5612712
      1.2600000     -5.7940333      9.6326098
      1.2700000     -5.8483948      9.7039649
      1.2800000     -5.9027833      9.7753362
      1.2900000     -5.9571983      9.8467236
      1.3000000     -6.0116394      9.9181267
      1.3100000     -6.0661062      9.9895454
      1.3200000     -6.1205983      10.060980
      1.3300000     -6.1751152      10.132429
      1.3400000     -6.2296567      10.203893
      1.3500000     -6.2842222      10.275372
      1.3600000     -6.3388115      10.346865
      1.3700000     -6.3934242      10.418373
      1.3800000     -6.4480599      10.489895
      1.3900000     -6.5027183      10.561430
      1.4000000     -6.5573990      10.632980
      1.4100000     -6.6121017      10.704543
      1.4200000     -6.6668261      10.776119
      1.4300000     -6.7215718      10.847709
      1.4400000     -6.7763386      10.919312
      1.4500000     -6.8311261      10.990928
      1.4600000     -6.8859341      11.062556
      1.4700000     -6.9407622      11.134197
      1.4800000     -6.9956102      11.205850
      1.4900000     -7.0504778      11.277515
      1.5000000     -7.1053647      11.349193
      1.5100000     -7.1602706      11.420882
      1.5200000     -7.2151954      11.492584
      1.5300000     -7.2701386      11.564296
      1.5400000     -7.3251001      11.636021
      1.5500000     -7.3800797      11.707757
      1.5600000     -7.4350770      11.779503
      1.5700000     -7.4900918      11.851261
      1.5800000     -7.5451240      11.923030
      1.5900000     -7.6001733      11.994810
      1.6000000     -7.6552394      12.066600
      1.6100000     -7.7103221      12.138401
      1.6200000     -7.7654213      12.210213
      1.6300000     -7.8205367      12.282035
      1.6400000     -7.8756681      12.353866
      1.6500000     -7.9308152      12.425708
      1.6600000     -7.9859780      12.497560
      1.6700000     -8.0411562      12.569422
      1.6800000     -8.0963496      12.641294
      1.6900000     -8.1515580      12.713175
      1.7000000     -8.2067813      12.785065
      1.7100000     -8.2620192      12.856965
      1.7200000     -8.3172716      12.928875
      1.7300000     -8.3725382      13.000793
      1.7400000     -8.4278191      13.072721
      1.7500000     -8.4831138      13.144658
      1.7600000     -8.5384224      13.216603
      1.7700000     -8.5937446      13.288557
      1.7800000     -8.6490802      13.360520
      1.7900000     -8.7044292      13.432492
      1.8000000     -8.7597913      13.504472
      1.8100000     -8.8151664      13.576461
      1.8200000     -8.8705544      13.648458
      1.8300000     -8.9259550      13.720463
      1.8400000     -8.9813682      13.792477
      1.8500000     -9.0367939      13.864498
      1.8600000     -9.0922318      13.936527
      1.8700000     -9.1476819      14.008565
      1.8800000     -9.2031439      14.080610
      1.8900000     -9.2586179      14.152663
      1.9000000     -9.3141035      14.224724
      1.9100000     -9.3696008      14.296792
      1.9200000     -9.4251096      14.368868
      1.9300000     -9.4806297      14.440951
      1.9400000     -9.5361610      14.513042
      1.9500000     -9.5917035      14.585140
      1.9600000     -9.6472569      14.657245
      1.9700000     -9.7028213      14.729357
      1.9800000     -9.7583964      14.801477
      1.9900000     -9.8139821      14.873603
      2.0000000     -9.8695784      14.945736
      2.0100000     -9.9251851      15.017877
      2.0200000     -9.9808022      15.090024
      2.0300000     -10.036429      15.162178
      2.0400000     -10.092067      15.234338
      2.0500000     -10.147714      15.306505
      2.0600000     -10.203371      15.378679
      2.0700000     -10.259038      15.450859
      2.0800000     -10.314715      15.523046
      2.0900000     -10.370402      15.595239
      2.1000000     -10.426097      15.667438
      2.1100000     -10.481803      15.739644
      2.1200000     -10.537517      15.811856
      2.1300000     -10.593241      15.884074
      2.1400000     -10.648974      15.956298
      2.1500000     -10.704716      16.028528
      2.1600000     -10.760467      16.100764
      2.1700000     -10.816227      16.173006
      2.1800000     -10.871996      16.245254
      2.1900000     -10.927773      16.317508
      2.2000000     -10.983559      16.389767
      2.2100000     -11.039354      16.462033
      2.2200000     -11.095157      16.534304
      2.2300000     -11.150968      16.606580
      2.2400000     -11.206788      16.678862
      2.2500000     -11.262616      16.751150
      2.2600000     -11.318452      16.823443
      2.2700000     -11.374296      16.895742
      2.2800000     -11.430148      16.968046
      2.2900000     -11.486008      17.040355
      2.3000000     -11.541876      17.112670
      2.3100000     -11.597752      17.184989
      2.3200000     -11.653635      17.257315
      2.3300000     -11.709526      17.329645
      2.3400000     -11.765425      17.401980
      2.3500000     -11.821331      17.474321
      2.3600000     -11.877245      17.546666
      2.3700000     -11.933166      17.619016
      2.3800000     -11.989094      17.691372
      2.3900000     -12.045030      17.763732
      2.4000000     -12.100972      17.836097
      2.4100000     -12.156922      17.908467
      2.4200000     -12.212879      17.980842
      2.4300000     -12.268843      18.053222
      2.4400000     -12.324814      18.125606
      2.4500000     -12.380792      18.197995
      2.4600000     -12.436776      18.270389
      2.4700000     -12.492768      18.342787
      2.4800000     -12.548766      18.415190
      2.4900000     -12.604770      18.487597
      2.5000000     -12.660782      18.560009
      2.5100000     -12.716799      18.632425
      2.5200000     -12.772824      18.704846
      2.5300000     -12.828854      18.777271
      2.5400000     -12.884892      18.849700
      2.5500000     -12.940935      18.922134
      2.5600000     -12.996985      18.994572
      2.5700000     -13.053041      19.067014
      2.5800000     -13.109103      19.139461
      2.5900000     -13.165171      19.211912
      2.6000000     -13.221245      19.284366
      2.6100000     -13.277326      19.356825
      2.6200000     -13.333412      19.429289
      2.6300000     -13.389504      19.501756
      2.6400000     -13.445602      19.574227
      2.6500000     -13.501706      19.646702
      2.6600000     -13.557816      19.719182
      2.6700000     -13.613932      19.791665
      2.6800000     -13.670053      19.864152
      2.6900000     -13.726180      19.936643
      2.7000000     -13.782312      20.009138
      2.7100000     -13.838450      20.081636
      2.7200000     -13.894594      20.154139
      2.7300000     -13.950743      20.226645
      2.7400000     -14.006897      20.299155
      2.7500000     -14.063057      20.371669
      2.7600000     -14.119223      20.444187
      2.7700000     -14.175393      20.516708
      2.7800000     -14.231569      20.589233
      2.7900000     -14.287750      20.661761
      2.8000000     -14.343937      20.734293
      2.8100000     -14.400128      20.806829
      2.8200000     -14.456325      20.879368
      2.8300000     -14.512526      20.951910
      2.8400000     -14.568733      21.024457
      2.8500000     -14.624945      21.097006
      2.8600000     -14.681162      21.169559
      2.8700000     -14.737383      21.242116
      2.8800000     -14.793610      21.314676
      2.8900000     -14.849841      21.387239
      2.9000000     -14.906078      21.459806
      2.9100000     -14.962319      21.532376
      2.9200000     -15.018564      21.604949
      2.9300000     -15.074815      21.677525
      2.9400000     -15.131070      21.750105
      2.9500000     -15.187330      21.822688
      2.9600000     -15.243595      21.895275
      2.9700000     -15.299864      21.967864
      2.9800000     -15.356138      22.040457
      2.9900000     -15.412416      22.113053
      3.0000000     -15.468699      22.185652
      3.0100000     -15.524986      22.258254
      3.0200000     -15.581278      22.330859
      3.0300000     -15.637574      22.403467
      3.0400000     -15.693874      22.476079
      3.0500000     -15.750179      22.548693
      3.0600000     -15.806488      22.621311
      3.0700000     -15.862802      22.693931
      3.0800000     -15.919120      22.766554
      3.0900000     -15.975441      22.839181
      3.1000000     -16.031768      22.911810
      3.1100000     -16.088098      22.984442
      3.1200000     -16.144432      23.057077
      3.1300000     -16.200771      23.129715
      3.1400000     -16.257114      23.202356
      3.1500000     -16.313461      23.275000
      3.1600000     -16.369811      23.347647
      3.1700000     -16.426166      23.420296
      3.1800000     -16.482525      23.492948
      3.1900000     -16.538888      23.565603
      3.2000000     -16.595254      23.638261
      3.2100000     -16.651625      23.710921
      3.2200000     -16.708000      23.783584
      3.2300000     -16.764378      23.856250
      3.2400000     -16.820760      23.928919
      3.2500000     -16.877146      24.001590
      3.2600000     -16.933536      24.074264
      3.2700000     -16.989929      24.146941
      3.2800000     -17.046327      24.219620
      3.2900000     -17.102728      24.292302
      3.3000000     -17.159132      24.364986
      3.3100000     -17.215541      24.437673
      3.3200000     -17.271953      24.510363
      3.3300000     -17.328368      24.583055
      3.3400000     -17.384788      24.655749
      3.3500000     -17.441211      24.728447
      3.3600000     -17.497637      24.801146
      3.3700000     -17.554067      24.873849
      3.3800000     -17.610500      24.946553
      3.3900000     -17.666937      25.019260
      3.4000000     -17.723378      25.091970
      3.4100000     -17.779821      25.164682
      3.4200000     -17.836269      25.237396
      3.4300000     -17.892719      25.310113
      3.4400000     -17.949173      25.382832
      3.4500000     -18.005631      25.455554
      3.4600000     -18.062091      25.528278
      3.4700000     -18.118556      25.601004
      3.4800000     -18.175023      25.673733
      3.4900000     -18.231494      25.746464
      3.5000000     -18.287968      25.819197
      3.5100000     -18.344445      25.891933
      3.5200000     -18.400925      25.964671
      3.5300000     -18.457409      26.037411
      3.5400000     -18.513896      26.110153
      3.5500000     -18.570385      26.182898
      3.5600000     -18.626879      26.255645
      3.5700000     -18.683375      26.328394
      3.5800000     -18.739874      26.401146
      3.5900000     -18.796377      26.473899
      3.6000000     -18.852882      26.546655
      3.6100000     -18.909391      26.619413
      3.6200000     -18.965903      26.692173
      3.6300000     -19.022417      26.764935
      3.6400000     -19.078935      26.837699
      3.6500000     -19.135456      26.910466
      3.6600000     -19.191979      26.983234
      3.6700000     -19.248506      27.056005
      3.6800000     -19.305035      27.128778
      3.6900000     -19.361568      27.201553
      3.7000000     -19.418103      27.274330
      3.7100000     -19.474642      27.347109
      3.7200000     -19.531183      27.419890
      3.7300000     -19.587727      27.492673
      3.7400000     -19.644274      27.565458
      3.7500000     -19.700823      27.638245
      3.7600000     -19.757376      27.711034
      3.7700000     -19.813931      27.783826
      3.7800000     -19.870489      27.856619
      3.7900000     -19.927050      27.929414
      3.8000000     -19.983614      28.002211
      3.8100000     -20.040180      28.075010
      3.8200000     -20.096749      28.147811
      3.8300000     -20.153321      28.220614
      3.8400000     -20.209896      28.293419
      3.8500000     -20.266473      28.366225
      3.8600000     -20.323053      28.439034
      3.8700000     -20.379635      28.511844
      3.8800000     -20.436220      28.584657
      3.8900000     -20.492808      28.657471
      3.9000000     -20.549398      28.730287
      3.9100000     -20.605991      28.803105
      3.9200000     -20.662587      28.875925
      3.9300000     -20.719185      28.948747
      3.9400000     -20.775785      29.021570
      3.9500000     -20.832388      29.094396
      3.9600000     -20.888994      29.167223
      3.9700000     -20.945602      29.240052
      3.9800000     -21.002213      29.312882
      3.9900000     -21.058826      29.385715
      4.0000000     -21.115442      29.458549
      4.0100000     -21.172060      29.531385
      4.0200000     -21.228681      29.604223
      4.0300000     -21.285304      29.677063
      4.0400000     -21.341929      29.749904
      4.0500000     -21.398557      29.822747
      4.0600000     -21.455187      29.895592
      4.0700000     -21.511820      29.968438
      4.0800000     -21.568455      30.041286
      4.0900000     -21.625092      30.114136
      4.1000000     -21.681732      30.186988
      4.1100000     -21.738374      30.259841
      4.1200000     -21.795018      30.332696
      4.1300000     -21.851665      30.405552
      4.1400000     -21.908314      30.478411
      4.1500000     -21.964965      30.551271
      4.1600000     -22.021619      30.624132
      4.1700000     -22.078275      30.696995
      4.1800000     -22.134933      30.769860
      4.1900000     -22.191593      30.842726
      4.2000000     -22.248256      30.915594
      4.2100000     -22.304921      30.988464
      4.2200000     -22.361588      31.061335
      4.2300000     -22.418257      31.134208
      4.2400000     -22.474928      31.207082
      4.2500000     -22.531602      31.279958
      4.2600000     -22.588278      31.352836
      4.2700000     -22.644956      31.425715
      4.2800000     -22.701636      31.498595
      4.2900000     -22.758318      31.571477
      4.3000000     -22.815002      31.644361
      4.3100000     -22.871689      31.717246
      4.3200000     -22.928377      31.790133
      4.3300000     -22.985068      31.863021
      4.3400000     -23.041761      31.935911
      4.3500000     -23.098456      32.008802
      4.3600000     -23.155153      32.081695
      4.3700000     -23.211852      32.154589
      4.3800000     -23.268553      32.227485
      4.3900000     -23.325256      32.300382
      4.4000000     -23.381961      32.373280
      4.4100000     -23.438668      32.446181
      4.4200000     -23.495377      32.519082
      4.4300000     -23.552088      32.591985
      4.4400000     -23.608801      32.664889
      4.4500000     -23.665516      32.737795
      4.4600000     -23.722233      32.810703
      4.4700000     -23.778952      32.883611
      4.4800000     -23.835673      32.956521
      4.4900000     -23.892396      33.029433
      4.5000000     -23.949121      33.102346
      4.5100000     -24.005848      33.175260
      4.5200000     -24.062577      33.248176
      4.5300000     -24.119308      33.321093
      4.5400000     -24.176040      33.394012
      4.5500000     -24.232775      33.466931
      4.5600000     -24.289511      33.539853
      4.5700000     -24.346249      33.612775
      4.5800000     -24.402989      33.685699
      4.5900000     -24.459731      33.758624
      4.6000000     -24.516475      33.831551
      4.6100000     -24.573220      33.904479
      4.6200000     -24.629968      33.977408
      4.6300000     -24.686717      34.050339
      4.6400000     -24.743468      34.123271
      4.6500000     -24.800221      34.196204
      4.6600000     -24.856976      34.269139
      4.6700000     -24.913733      34.342074
      4.6800000     -24.970491      34.415012
      4.6900000     -25.027251      34.487950
      4.7000000     -25.084013      34.560890
      4.7100000     -25.140776      34.633831
      4.7200000     -25.197542      34.706773
      4.7300000     -25.254309      34.779717
      4.7400000     -25.311078      34.852661
      4.7500000     -25.367848      34.925607
      4.7600000     -25.424621      34.998555
      4.7700000     -25.481395      35.071503
      4.7800000     -25.538171      35.144453
      4.7900000     -25.594948      35.217404
      4.8000000     -25.651727      35.290356
      4.8100000     -25.708508      35.363310
      4.8200000     -25.765290      35.436265
      4.8300000     -25.822075      35.509221
      4.8400000     -25.878861      35.582178
      4.8500000     -25.935648      35.655136
      4.8600000     -25.992437      35.728096
      4.8700000     -26.049228      35.801057
      4.8800000     -26.106020      35.874018
      4.8900000     -26.162815      35.946982
      4.9000000     -26.219610      36.019946
      4.9100000     -26.276408      36.092911
      4.9200000     -26.333207      36.165878
      4.9300000     -26.390007      36.238846
      4.9400000     -26.446809      36.311815
      4.9500000     -26.503613      36.384785
      4.9600000     -26.560418      36.457756
      4.9700000     -26.617225      36.530729
      4.9800000     -26.674034      36.603703
      4.9900000     -26.730844      36.676677
      5.0000000     -26.787655      36.749653
      5.0100000     -26.844468      36.822630
      5.0200000     -26.901283      36.895608
      5.0300000     -26.958099      36.968588
      5.0400000     -27.014917      37.041568
      5.0500000     -27.071736      37.114550
      5.0600000     -27.128557      37.187532
      5.0700000     -27.185380      37.260516
      5.0800000     -27.242203      37.333501
      5.0900000     -27.299029      37.406487
      5.1000000     -27.355856      37.479474
      5.1100000     -27.412684      37.552462
      5.1200000     -27.469514      37.625451
      5.1300000     -27.526345      37.698441
      5.1400000     -27.583178      37.771433
      5.1500000     -27.640012      37.844425
      5.1600000     -27.696848      37.917418
      5.1700000     -27.753685      37.990413
      5.1800000     -27.810523      38.063409
      5.1900000     -27.867363      38.136405
      5.2000000     -27.924205      38.209403
      5.2100000     -27.981048      38.282402
      5.2200000     -28.037892      38.355401
      5.2300000     -28.094738      38.428402
      5.2400000     -28.151585      38.501404
      5.2500000     -28.208434      38.574407
      5.2600000     -28.265284      38.647411
      5.2700000     -28.322135      38.720416
      5.2800000     -28.378988      38.793422
      5.2900000     -28.435842      38.866429
      5.3000000     -28.492697      38.939437
      5.3100000     -28.549554      39.012446
      5.3200000     -28.606413      39.085456
      5.3300000     -28.663272      39.158467
      5.3400000     -28.720133      39.231479
      5.3500000     -28.776996      39.304492
      5.3600000     -28.833859      39.377506
      5.3700000     -28.890724      39.450521
      5.3800000     -28.947591      39.523536
      5.3900000     -29.004458      39.596553
      5.4000000     -29.061328      39.669571
      5.4100000     -29.118198      39.742590
      5.4200000     -29.175070      39.815610
      5.4300000     -29.231943      39.888631
      5.4400000     -29.288817      39.961652
      5.4500000     -29.345693      40.034675
      5.4600000     -29.402570      40.107699
      5.4700000     -29.459448      40.180723
      5.4800000     -29.516327      40.253749
      5.4900000     -29.573208      40.326775
      5.5000000     -29.630090      40.399803
      5.5100000     -29.686973      40.472831
      5.5200000     -29.743858      40.545861
      5.5300000     -29.800744      40.618891
      5.5400000     -29.857631      40.691922
      5.5500000     -29.914520      40.764954
      5.5600000     -29.971409      40.837987
      5.5700000     -30.028300      40.911021
      5.5800000     -30.085192      40.984056
      5.5900000     -30.142086      41.057091
      5.6000000     -30.198980      41.130128
      5.6100000     -30.255876      41.203166
      5.6200000     -30.312773      41.276204
      5.6300000     -30.369672      41.349243
      5.6400000     -30.426571      41.422284
      5.6500000     -30.483472      41.495325
      5.6600000     -30.540374      41.568367
      5.6700000     -30.597277      41.641410
      5.6800000     -30.654181      41.714453
      5.6900000     -30.711087      41.787498
      5.7000000     -30.767993      41.860543
      5.7100000     -30.824901      41.933590
      5.7200000     -30.881810      42.006637
      5.7300000     -30.938721      42.079685
      5.7400000     -30.995632      42.152734
      5.7500000     -31.052545      42.225784
      5.7600000     -31.109458      42.298835
      5.7700000     -31.166373      42.371886
      5.7800000     -31.223289      42.444939
      5.7900000     -31.280207      42.517992
      5.8000000     -31.337125      42.591046
      5.8100000     -31.394044      42.664101
      5.8200000     -31.450965      42.737157
      5.8300000     -31.507887      42.810213
      5.8400000     -31.564810      42.883271
      5.8500000     -31.621734      42.956329
      5.8600000     -31.678659      43.029388
      5.8700000     -31.735585      43.102448
      5.8800000     -31.792513      43.175509
      5.8900000     -31.849441      43.248570
      5.9000000     -31.906371      43.321633
      5.9100000     -31.963302      43.394696
      5.9200000     -32.020233      43.467760
      5.9300000     -32.077166      43.540825
      5.9400000     -32.134100      43.613890
      5.9500000     -32.191035      43.686957
      5.9600000     -32.247972      43.760024
      5.9700000     -32.304909      43.833092
      5.9800000     -32.361847      43.906161
      5.9900000     -32.418787      43.979230
      6.0000000     -32.475727      44.052301
      6.0100000     -32.532669      44.125372
      6.0200000     -32.589611      44.198444
      6.0300000     -32.646555      44.271516
      6.0400000     -32.703500      44.344590
      6.0500000     -32.760446      44.417664
      6.0600000     -32.817392      44.490739
      6.0700000     -32.874340      44.563815
      6.0800000     -32.931289      44.636892
      6.0900000     -32.988239      44.709969
      6.1000000     -33.045190      44.783047
      6.1100000     -33.102142      44.856126
      6.1200000     -33.159095      44.929206
      6.1300000     -33.216049      45.002286
      6.1400000     -33.273004      45.075367
      6.1500000     -33.329960      45.148449
      6.1600000     -33.386918      45.221532
      6.1700000     -33.443876      45.294615
      6.1800000     -33.500835      45.367699
      6.1900000     -33.557795      45.440784
      6.2000000     -33.614756      45.513870
      6.2100000     -33.671718      45.586956
      6.2200000     -33.728681      45.660043
      6.2300000     -33.785646      45.733131
      6.2400000     -33.842611      45.806220
      6.2500000     -33.899577      45.879309
      6.2600000     -33.956544      45.952399
      6.2700000     -34.013512      46.025490
      6.2800000     -34.070481      46.098581
      6.2900000     -34.127451      46.171673
      6.3000000     -34.184422      46.244766
      6.3100000     -34.241394      46.317860
      6.3200000     -34.298367      46.390954
      6.3300000     -34.355341      46.464049
      6.3400000     -34.412315      46.537145
      6.3500000     -34.469291      46.610241
      6.3600000     -34.526268      46.683338
      6.3700000     -34.583246      46.756436
      6.3800000     -34.640224      46.829534
      6.3900000     -34.697204      46.902634
      6.4000000     -34.754184      46.975734
      6.4100000     -34.811166      47.048834
      6.4200000     -34.868148      47.121935
      6.4300000     -34.925131      47.195037
      6.4400000     -34.982115      47.268140
      6.4500000     -35.039100      47.341243
      6.4600000     -35.096086      47.414347
      6.4700000     -35.153073      47.487452
      6.4800000     -35.210061      47.560557
      6.4900000     -35.267050      47.633664
      6.5000000     -35.324040      47.706770
      6.5100000     -35.381030      47.779878
      6.5200000     -35.438022      47.852986
      6.5300000     -35.495014      47.926094
      6.5400000     -35.552007      47.999204
      6.5500000     -35.609002      48.072314
      6.5600000     -35.665997      48.145425
      6.5700000     -35.722993      48.218536
      6.5800000     -35.779990      48.291648
      6.5900000     -35.836987      48.364761
      6.6000000     -35.893986      48.437874
      6.6100000     -35.950985      48.510988
      6.6200000     -36.007986      48.584103
      6.6300000     -36.064987      48.657218
      6.6400000     -36.121989      48.730334
      6.6500000     -36.178992      48.803450
      6.6600000     -36.235996      48.876567
      6.6700000     -36.293000      48.949685
      6.6800000     -36.350006      49.022804
      6.6900000     -36.407012      49.095923
      6.7000000     -36.464020      49.169043
      6.7100000     -36.521028      49.242163
      6.7200000     -36.578037      49.315284
      6.7300000     -36.635046      49.388406
      6.7400000     -36.692057      49.461528
      6.7500000     -36.749069      49.534651
      6.7600000     -36.806081      49.607774
      6.7700000     -36.863094      49.680898
      6.7800000     -36.920108      49.754023
      6.7900000     -36.977123      49.827148
      6.8000000     -37.034138      49.900274
      6.8100000     -37.091155      49.973401
      6.8200000     -37.148172      50.046528
      6.8300000     -37.205190      50.119656
      6.8400000     -37.262209      50.192784
      6.8500000     -37.319229      50.265913
      6.8600000     -37.376249      50.339043
      6.8700000     -37.433271      50.412173
      6.8800000     -37.490293      50.485304
      6.8900000     -37.547316      50.558435
      6.9000000     -37.604340      50.631567
      6.9100000     -37.661364      50.704700
      6.9200000     -37.718390      50.777833
      6.9300000     -37.775416      50.850967
      6.9400000     -37.832443      50.924101
      6.9500000     -37.889470      50.997236
      6.9600000     -37.946499      51.070372
      6.9700000     -38.003528      51.143508
      6.9800000     -38.060558      51.216644
      6.9900000     -38.117589      51.289782
      7.0000000     -38.174621      51.362919
      7.0100000     -38.231653      51.436058
      7.0200000     -38.288687      51.509197
      7.0300000     -38.345721      51.582337
      7.0400000     -38.402755      51.655477
      7.0500000     -38.459791      51.728617
      7.0600000     -38.516827      51.801759
      7.0700000     -38.573864      51.874901
      7.0800000     -38.630902      51.948043
      7.0900000     -38.687941      52.021186
      7.1000000     -38.744980      52.094330
      7.1100000     -38.802020      52.167474
      7.1200000     -38.859061      52.240618
      7.1300000     -38.916102      52.313764
      7.1400000     -38.973145      52.386909
      7.1500000     -39.030188      52.460056
      7.1600000     -39.087232      52.533203
      7.1700000     -39.144276      52.606350
      7.1800000     -39.201322      52.679498
      7.1900000     -39.258368      52.752647
      7.2000000     -39.315414      52.825796
      7.2100000     -39.372462      52.898945
      7.2200000     -39.429510      52.972096
      7.2300000     -39.486559      53.045246
      7.2400000     -39.543609      53.118398
      7.2500000     -39.600659      53.191550
      7.2600000     -39.657711      53.264702
      7.2700000     -39.714762      53.337855
      7.2800000     -39.771815      53.411008
      7.2900000     -39.828868      53.484162
      7.3000000     -39.885922      53.557317
      7.3100000     -39.942977      53.630472
      7.3200000     -40.000033      53.703627
      7.3300000     -40.057089      53.776783
      7.3400000     -40.114146      53.849940
      7.3500000     -40.171203      53.923097
      7.3600000     -40.228261      53.996255
      7.3700000     -40.285320      54.069413
      7.3800000     -40.342380      54.142572
      7.3900000     -40.399440      54.215731
      7.4000000     -40.456501      54.288891
      7.4100000     -40.513563      54.362051
      7.4200000     -40.570626      54.435212
      7.4300000     -40.627689      54.508373
      7.4400000     -40.684753      54.581535
      7.4500000     -40.741817      54.654697
      7.4600000     -40.798882      54.727860
      7.4700000     -40.855948      54.801023
      7.4800000     -40.913015      54.874187
      7.4900000     -40.970082      54.947351
      7.5000000     -41.027150      55.020516
      7.5100000     -41.084219      55.093682
      7.5200000     -41.141288      55.166847
      7.5300000     -41.198358      55.240014
      7.5400000     -41.255428      55.313181
      7.5500000     -41.312500      55.386348
      7.5600000     -41.369572      55.459516
      7.5700000     -41.426644      55.532684
      7.5800000     -41.483717      55.605853
      7.5900000     -41.540791      55.679022
      7.6000000     -41.597866      55.752192
      7.6100000     -41.654941      55.825362
      7.6200000     -41.712017      55.898533
      7.6300000     -41.769094      55.971705
      7.6400000     -41.826171      56.044876
      7.6500000     -41.883249      56.118049
      7.6600000     -41.940327      56.191221
      7.6700000     -41.997406      56.264395
      7.6800000     -42.054486      56.337568
      7.6900000     -42.111567      56.410742
      7.7000000     -42.168648      56.483917
      7.7100000     -42.225729      56.557092
      7.7200000     -42.282812      56.630268
      7.7300000     -42.339895      56.703444
      7.7400000     -42.396978      56.776620
      7.7500000     -42.454062      56.849797
      7.7600000     -42.511147      56.922975
      7.7700000     -42.568233      56.996153
      7.7800000     -42.625319      57.069331
      7.7900000     -42.682406      57.142510
      7.8000000     -42.739493      57.215690
      7.8100000     -42.796581      57.288870
      7.8200000     -42.853670      57.362050
      7.8300000     -42.910759      57.435231
      7.8400000     -42.967849      57.508412
      7.8500000     -43.024939      57.581594
      7.8600000     -43.082030      57.654776
      7.8700000     -43.139122      57.727958
      7.8800000     -43.196214      57.801141
      7.8900000     -43.253307      57.874325
      7.9000000     -43.310401      57.947509
      7.9100000     -43.367495      58.020693
      7.9200000     -43.424590      58.093878
      7.9300000     -43.481685      58.167063
      7.9400000     -43.538781      58.240249
      7.9500000     -43.595878      58.313435
      7.9600000     -43.652975      58.386622
      7.9700000     -43.710073      58.459809
      7.9800000     -43.767171      58.532997
      7.9900000     -43.824270      58.606185
      8.0000000     -43.881369      58.679373
      8.0100000     -43.938470      58.752562
      8.0200000     -43.995570      58.825752
      8.0300000     -44.052672      58.898941
      8.0400000     -44.109773      58.972132
      8.0500000     -44.166876      59.045322
      8.0600000     -44.223979      59.118513
      8.0700000     -44.281083      59.191705
      8.0800000     -44.338187      59.264897
      8.0900000     -44.395292      59.338089
      8.1000000     -44.452397      59.411282
      8.1100000     -44.509503      59.484475
      8.1200000     -44.566610      59.557669
      8.1300000     -44.623717      59.630863
      8.1400000     -44.680824      59.704058
      8.1500000     -44.737933      59.777253
      8.1600000     -44.795041      59.850448
      8.1700000     -44.852151      59.923644
      8.1800000     -44.909261      59.996840
      8.1900000     -44.966371      60.070037
      8.2000000     -45.023482      60.143234
      8.2100000     -45.080594      60.216431
      8.2200000     -45.137706      60.289629
      8.2300000     -45.194819      60.362828
      8.2400000     -45.251932      60.436026
      8.2500000     -45.309046      60.509226
      8.2600000     -45.366160      60.582425
      8.2700000     -45.423275      60.655625
      8.2800000     -45.480391      60.728826
      8.2900000     -45.537507      60.802026
      8.3000000     -45.594624      60.875228
      8.3100000     -45.651741      60.948429
      8.3200000     -45.708859      61.021631
      8.3300000     -45.765977      61.094834
      8.3400000     -45.823096      61.168037
      8.3500000     -45.880215      61.241240
      8.3600000     -45.937335      61.314444
      8.3700000     -45.994455      61.387648
      8.3800000     -46.051576      61.460852
      8.3900000     -46.108698      61.534057
      8.4000000     -46.165820      61.607263
      8.4100000     -46.222943      61.680468
      8.4200000     -46.280066      61.753675
      8.4300000     -46.337189      61.826881
      8.4400000     -46.394314      61.900088
      8.4500000     -46.451438      61.973295
      8.4600000     -46.508563      62.046503
      8.4700000     -46.565689      62.119711
      8.4800000     -46.622816      62.192920
      8.4900000     -46.679942      62.266128
      8.5000000     -46.737070      62.339338
      8.5100000     -46.794198      62.412547
      8.5200000     -46.851326      62.485757
      8.5300000     -46.908455      62.558968
      8.5400000     -46.965584      62.632179
      8.5500000     -47.022714      62.705390
      8.5600000     -47.079845      62.778602
      8.5700000     -47.136976      62.851814
      8.5800000     -47.194107      62.925026
      8.5900000     -47.251239      62.998239
      8.6000000     -47.308372      63.071452
      8.6100000     -47.365505      63.144665
      8.6200000     -47.422638      63.217879
      8.6300000     -47.479772      63.291094
      8.6400000     -47.536907      63.364308
      8.6500000     -47.594042      63.437523
      8.6600000     -47.651177      63.510739
      8.6700000     -47.708314      63.583955
      8.6800000     -47.765450      63.657171
      8.6900000     -47.822587      63.730387
      8.7000000     -47.879725      63.803604
      8.7100000     -47.936863      63.876822
      8.7200000     -47.994001      63.950039
      8.7300000     -48.051140      64.023257
      8.7400000     -48.108280      64.096476
      8.7500000     -48.165420      64.169695
      8.7600000     -48.222560      64.242914
      8.7700000     -48.279701      64.316133
      8.7800000     -48.336843      64.389353
      8.7900000     -48.393985      64.462574
      8.8000000     -48.451127      64.535794
      8.8100000     -48.508270      64.609015
      8.8200000     -48.565414      64.682237
      8.8300000     -48.622558      64.755458
      8.8400000     -48.679702      64.828680
      8.8500000     -48.736847      64.901903
      8.8600000     -48.793993      64.975126
      8.8700000     -48.851138      65.048349
      8.8800000     -48.908285      65.121572
      8.8900000     -48.965432      65.194796
      8.9000000     -49.022579      65.268021
      8.9100000     -49.079727      65.341245
      8.9200000     -49.136875      65.414470
      8.9300000     -49.194024      65.487695
      8.9400000     -49.251173      65.560921
      8.9500000     -49.308323      65.634147
      8.9600000     -49.365473      65.707374
      8.9700000     -49.422623      65.780600
      8.9800000     -49.479774      65.853827
      8.9900000     -49.536926      65.927055
      9.0000000     -49.594078      66.000283
      9.0100000     -49.651230      66.073511
      9.0200000     -49.708383      66.146739
      9.0300000     -49.765537      66.219968
      9.0400000     -49.822691      66.293197
      9.0500000     -49.879845      66.366427
      9.0600000     -49.937000      66.439657
      9.0700000     -49.994155      66.512887
      9.0800000     -50.051311      66.586117
      9.0900000     -50.108467      66.659348
      9.1000000     -50.165623      66.732580
      9.1100000     -50.222780      66.805811
      9.1200000     -50.279938      66.879043
      9.1300000     -50.337096      66.952275
      9.1400000     -50.394254      67.025508
      9.1500000     -50.451413      67.098741
      9.1600000     -50.508572      67.171974
      9.1700000     -50.565732      67.245208
      9.1800000     -50.622892      67.318442
      9.1900000     -50.680053      67.391676
      9.2000000     -50.737214      67.464911
      9.2100000     -50.794376      67.538146
      9.2200000     -50.851538      67.611381
      9.2300000     -50.908700      67.684617
      9.2400000     -50.965863      67.757852
      9.2500000     -51.023026      67.831089
      9.2600000     -51.080190      67.904325
      9.2700000     -51.137354      67.977562
      9.2800000     -51.194519      68.050800
      9.2900000     -51.251684      68.124037
      9.3000000     -51.308849      68.197275
      9.3100000     -51.366015      68.270513
      9.3200000     -51.423182      68.343752
      9.3300000     -51.480349      68.416991
      9.3400000     -51.537516      68.490230
      9.3500000     -51.594683      68.563470
      9.3600000     -51.651852      68.636710
      9.3700000     -51.709020      68.709950
      9.3800000     -51.766189      68.783190
      9.3900000     -51.823358      68.856431
      9.4000000     -51.880528      68.929672
      9.4100000     -51.937698      69.002914
      9.4200000     -51.994869      69.076156
      9.4300000     -52.052040      69.149398
      9.4400000     -52.109212      69.222640
      9.4500000     -52.166384      69.295883
      9.4600000     -52.223556      69.369126
      9.4700000     -52.280729      69.442370
      9.4800000     -52.337902      69.515613
      9.4900000     -52.395075      69.588857
      9.5000000     -52.452249      69.662102
      9.5100000     -52.509424      69.735346
      9.5200000     -52.566599      69.808591
      9.5300000     -52.623774      69.881837
      9.5400000     -52.680950      69.955082
      9.5500000     -52.738126      70.028328
      9.5600000     -52.795302      70.101574
      9.5700000     -52.852479      70.174821
      9.5800000     -52.909656      70.248068
      9.5900000     -52.966834      70.321315
      9.6000000     -53.024012      70.394562
      9.6100000     -53.081191      70.467810
      9.6200000     -53.138370      70.541058
      9.6300000     -53.195549      70.614306
      9.6400000     -53.252729      70.687555
      9.6500000     -53.309909      70.760804
      9.6600000     -53.367090      70.834053
      9.6700000     -53.424271      70.907303
      9.6800000     -53.481452      70.980553
      9.6900000     -53.538634      71.053803
      9.7000000     -53.595816      71.127053
      9.7100000     -53.652999      71.200304
      9.7200000     -53.710181      71.273555
      9.7300000     -53.767365      71.346807
      9.7400000     -53.824549      71.420058
      9.7500000     -53.881733      71.493310
      9.7600000     -53.938917      71.566563
      9.7700000     -53.996102      71.639815
      9.7800000     -54.053288      71.713068
      9.7900000     -54.110473      71.786321
      9.8000000     -54.167659      71.859575
      9.8100000     -54.224846      71.932828
      9.8200000     -54.282033      72.006083
      9.8300000     -54.339220      72.079337
      9.8400000     -54.396408      72.152591
      9.8500000     -54.453596      72.225846
      9.8600000     -54.510784      72.299102
      9.8700000     -54.567973      72.372357
      9.8800000     -54.625162      72.445613
      9.8900000     -54.682352      72.518869
      9.9000000     -54.739542      72.592125
      9.9100000     -54.796732      72.665382
      9.9200000     -54.853923      72.738639
      9.9300000     -54.911114      72.811896
      9.9400000     -54.968306      72.885154
      9.9500000     -55.025498      72.958412
      9.9600000     -55.082690      73.031670
      9.9700000     -55.139883      73.104928
      9.9800000     -55.197076      73.178187
      9.9900000     -55.254269      73.251446
      10.000000     -55.311463      73.324705
      10.010000     -55.368657      73.397965
