      0.0000000      1.0000000      0.0000000      10.000000      0.0000000
   0.0010000000      1.0000000   0.0062831853      10.000000   0.0062831853
   0.0020000000      1.0000000    0.012566371      10.000000    0.012566371
   0.0030000000      1.0000000    0.018849556      10.000000    0.018849556
   0.0040000000      1.0000000    0.025132741      10.000000    0.025132741
   0.0050000000      1.0000000    0.031415927      10.000000    0.031415927
   0.0060000000      1.0000000    0.037699112      10.000000    0.037699112
   0.0070000000      1.0000000    0.043982297      10.000000    0.043982297
   0.0080000000      1.0000000    0.050265482      10.000000    0.050265482
   0.0090000000      1.0000000    0.056548668      10.000000    0.056548668
    0.010000000      1.0000000    0.062831853      10.000000    0.062831853
    0.011000000      1.0000000    0.069115038      10.000000    0.069115038
    0.012000000      1.0000000    0.075398224      10.000000    0.075398224
    0.013000000      1.0000000    0.081681409      10.000000    0.081681409
    0.014000000      1.0000000    0.087964594      10.000000    0.087964594
    0.015000000      1.0000000    0.094247780      10.000000    0.094247780
    0.016000000      1.0000000     0.10053096      10.000000     0.10053096
    0.017000000      1.0000000     0.10681415      10.000000     0.10681415
    0.018000000      1.0000000     0.11309734      10.000000     0.11309734
    0.019000000      1.0000001     0.11938052      10.000000     0.11938052
    0.020000000      1.0000001     0.12566371      10.000000     0.12566371
    0.021000000      1.0000001     0.13194689      10.000000     0.13194689
    0.022000000      1.0000001     0.13823008      10.000000     0.13823008
    0.023000000      1.0000001     0.14451326      10.000000     0.14451326
    0.024000000      1.0000001     0.15079645      10.000000     0.15079645
    0.025000000      1.0000001     0.15707963      10.000000     0.15707963
    0.026000000      1.0000001     0.16336282      10.000000     0.16336282
    0.027000000      1.0000001     0.16964600      10.000000     0.16964600
    0.028000000      1.0000001     0.17592919      10.000000     0.17592919
    0.029000000      1.0000001     0.18221237      10.000000     0.18221237
    0.030000000      1.0000001     0.18849556      10.000000     0.18849556
    0.031000000      1.0000001     0.19477874      10.000000     0.19477874
    0.032000000      1.0000001     0.20106193      10.000000     0.20106193
    0.033000000      1.0000001     0.20734512      10.000000     0.20734512
    0.034000000      1.0000002     0.21362830      10.000000     0.21362830
    0.035000000      1.0000002     0.21991149      10.000000     0.21991149
    0.036000000      1.0000002     0.22619467      10.000000     0.22619467
    0.037000000      1.0000002     0.23247786      10.000000     0.23247786
    0.038000000      1.0000002     0.23876104      10.000000     0.23876104
    0.039000000      1.0000002     0.24504423      10.000000     0.24504423
    0.040000000      1.0000002     0.25132741      10.000000     0.25132741
    0.041000000      1.0000002     0.25761060      10.000000     0.25761060
    0.042000000      1.0000002     0.26389378      10.000000     0.26389378
    0.043000000      1.0000003     0.27017697      10.000000     0.27017697
    0.044000000      1.0000003     0.27646015      10.000000     0.27646015
    0.045000000      1.0000003     0.28274334      10.000000     0.28274334
    0.046000000      1.0000003     0.28902652      10.000000     0.28902652
    0.047000000      1.0000003     0.29530971      10.000000     0.29530971
    0.048000000      1.0000003     0.30159289      10.000000     0.30159289
    0.049000000      1.0000003     0.30787608      10.000000     0.30787608
    0.050000000      1.0000003     0.31415927      10.000000     0.31415927
    0.051000000      1.0000004     0.32044245      10.000000     0.32044245
    0.052000000      1.0000004     0.32672564      10.000000     0.32672564
    0.053000000      1.0000004     0.33300882      10.000000     0.33300882
    0.054000000      1.0000004     0.33929201      10.000000     0.33929201
    0.055000000      1.0000004     0.34557519      10.000000     0.34557519
    0.056000000      1.0000004     0.35185838      10.000000     0.35185838
    0.057000000      1.0000004     0.35814156      10.000000     0.35814156
    0.058000000      1.0000005     0.36442475      10.000000     0.36442475
    0.059000000      1.0000005     0.37070793      10.000000     0.37070793
    0.060000000      1.0000005     0.37699112      10.000000     0.37699112
    0.061000000      1.0000005     0.38327430      10.000000     0.38327430
    0.062000000      1.0000005     0.38955749      10.000000     0.38955749
    0.063000000      1.0000005     0.39584067      10.000000     0.39584067
    0.064000000      1.0000006     0.40212386      10.000000     0.40212386
    0.065000000      1.0000006     0.40840704      10.000000     0.40840704
    0.066000000      1.0000006     0.41469023      10.000000     0.41469023
    0.067000000      1.0000006     0.42097342      10.000000     0.42097342
    0.068000000      1.0000006     0.42725660      10.000000     0.42725660
    0.069000000      1.0000006     0.43353979      10.000000     0.43353979
    0.070000000      1.0000007     0.43982297      10.000000     0.43982297
    0.071000000      1.0000007     0.44610616      10.000000     0.44610616
    0.072000000      1.0000007     0.45238934      10.000000     0.45238934
    0.073000000      1.0000007     0.45867253      10.000000     0.45867253
    0.074000000      1.0000007     0.46495571      10.000000     0.46495571
    0.075000000      1.0000008     0.47123890      10.000000     0.47123890
    0.076000000      1.0000008     0.47752208      10.000000     0.47752208
    0.077000000      1.0000008     0.48380527      10.000000     0.48380527
    0.078000000      1.0000008     0.49008845      10.000000     0.49008845
    0.079000000      1.0000008     0.49637164      10.000000     0.49637164
    0.080000000      1.0000009     0.50265482      10.000000     0.50265482
    0.081000000      1.0000009     0.50893801      10.000000     0.50893801
    0.082000000      1.0000009     0.51522120      10.000000     0.51522120
    0.083000000      1.0000009     0.52150438      10.000000     0.52150438
    0.084000000      1.0000009     0.52778757      10.000000     0.52778757
    0.085000000      1.0000010     0.53407075      10.000000     0.53407075
    0.086000000      1.0000010     0.54035394      10.000000     0.54035394
    0.087000000      1.0000010     0.54663712      10.000000     0.54663712
    0.088000000      1.0000010     0.55292031      10.000000     0.55292031
    0.089000000      1.0000011     0.55920349      10.000000     0.55920349
    0.090000000      1.0000011     0.56548668      10.000000     0.56548668
    0.091000000      1.0000011     0.57176986      10.000000     0.57176986
    0.092000000      1.0000011     0.57805305      10.000000     0.57805305
    0.093000000      1.0000012     0.58433623      10.000000     0.58433623
    0.094000000      1.0000012     0.59061942      10.000000     0.59061942
    0.095000000      1.0000012     0.59690260      10.000000     0.59690260
    0.096000000      1.0000012     0.60318579      10.000000     0.60318579
    0.097000000      1.0000013     0.60946897      10.000000     0.60946897
    0.098000000      1.0000013     0.61575216      10.000000     0.61575216
    0.099000000      1.0000013     0.62203535      10.000000     0.62203535
     0.10000000      1.0000013     0.62831853      10.000000     0.62831853
     0.10100000      1.0000014     0.63460172      10.000000     0.63460172
     0.10200000      1.0000014     0.64088490      10.000000     0.64088490
     0.10300000      1.0000014     0.64716809      10.000000     0.64716809
     0.10400000      1.0000014     0.65345127      10.000000     0.65345127
     0.10500000      1.0000015     0.65973446      10.000000     0.65973446
     0.10600000      1.0000015     0.66601764      10.000000     0.66601764
     0.10700000      1.0000015     0.67230083      10.000000     0.67230083
     0.10800000      1.0000016     0.67858401      10.000000     0.67858401
     0.10900000      1.0000016     0.68486720      10.000000     0.68486720
     0.11000000      1.0000016     0.69115038      10.000000     0.69115038
     0.11100000      1.0000016     0.69743357      10.000000     0.69743357
     0.11200000      1.0000017     0.70371675      10.000000     0.70371675
     0.11300000      1.0000017     0.70999994      10.000000     0.70999994
     0.11400000      1.0000017     0.71628313      10.000000     0.71628313
     0.11500000      1.0000018     0.72256631      10.000000     0.72256631
     0.11600000      1.0000018     0.72884950      10.000000     0.72884950
     0.11700000      1.0000018     0.73513268      10.000000     0.73513268
     0.11800000      1.0000019     0.74141587      10.000000     0.74141587
     0.11900000      1.0000019     0.74769905      10.000000     0.74769905
     0.12000000      1.0000019     0.75398224      10.000000     0.75398224
     0.12100000      1.0000019     0.76026542      10.000000     0.76026542
     0.12200000      1.0000020     0.76654861      10.000000     0.76654861
     0.12300000      1.0000020     0.77283179      10.000000     0.77283179
     0.12400000      1.0000020     0.77911498      10.000000     0.77911498
     0.12500000      1.0000021     0.78539816      10.000000     0.78539816
     0.12600000      1.0000021     0.79168135      10.000000     0.79168135
     0.12700000      1.0000021     0.79796453      10.000000     0.79796453
     0.12800000      1.0000022     0.80424772      10.000000     0.80424772
     0.12900000      1.0000022     0.81053090      10.000000     0.81053090
     0.13000000      1.0000022     0.81681409      10.000000     0.81681409
     0.13100000      1.0000023     0.82309728      10.000000     0.82309728
     0.13200000      1.0000023     0.82938046      10.000000     0.82938046
     0.13300000      1.0000023     0.83566365      10.000000     0.83566365
     0.13400000      1.0000024     0.84194683      10.000000     0.84194683
     0.13500000      1.0000024     0.84823002      10.000000     0.84823002
     0.13600000      1.0000024     0.85451320      10.000000     0.85451320
     0.13700000      1.0000025     0.86079639      10.000000     0.86079639
     0.13800000      1.0000025     0.86707957      10.000000     0.86707957
     0.13900000      1.0000026     0.87336276      10.000000     0.87336276
     0.14000000      1.0000026     0.87964594      10.000000     0.87964594
     0.14100000      1.0000026     0.88592913      10.000000     0.88592913
     0.14200000      1.0000027     0.89221231      10.000000     0.89221231
     0.14300000      1.0000027     0.89849550      10.000000     0.89849550
     0.14400000      1.0000027     0.90477868      10.000000     0.90477868
     0.14500000      1.0000028     0.91106187      10.000000     0.91106187
     0.14600000      1.0000028     0.91734505      10.000000     0.91734505
     0.14700000      1.0000028     0.92362824      10.000000     0.92362824
     0.14800000      1.0000029     0.92991143      10.000000     0.92991143
     0.14900000      1.0000029     0.93619461      10.000000     0.93619461
     0.15000000      1.0000030     0.94247780      10.000000     0.94247780
     0.15100000      1.0000030     0.94876098      10.000000     0.94876098
     0.15200000      1.0000030     0.95504417      10.000000     0.95504417
     0.15300000      1.0000031     0.96132735      10.000000     0.96132735
     0.15400000      1.0000031     0.96761054      10.000000     0.96761054
     0.15500000      1.0000032     0.97389372      10.000000     0.97389372
     0.15600000      1.0000032     0.98017691      10.000000     0.98017691
     0.15700000      1.0000032     0.98646009      10.000000     0.98646009
     0.15800000      1.0000033     0.99274328      10.000000     0.99274328
     0.15900000      1.0000033     0.99902646      10.000000     0.99902646
     0.16000000      1.0000034      1.0053096      10.000000      1.0053096
     0.16100000      1.0000034      1.0115928      10.000000      1.0115928
     0.16200000      1.0000034      1.0178760      10.000000      1.0178760
     0.16300000      1.0000035      1.0241592      10.000000      1.0241592
     0.16400000      1.0000035      1.0304424      10.000000      1.0304424
     0.16500000      1.0000036      1.0367256      10.000000      1.0367256
     0.16600000      1.0000036      1.0430088      10.000000      1.0430088
     0.16700000      1.0000037      1.0492919      10.000000      1.0492919
     0.16800000      1.0000037      1.0555751      10.000000      1.0555751
     0.16900000      1.0000037      1.0618583      10.000000      1.0618583
     0.17000000      1.0000038      1.0681415      10.000000      1.0681415
     0.17100000      1.0000038      1.0744247      10.000000      1.0744247
     0.17200000      1.0000039      1.0807079      10.000000      1.0807079
     0.17300000      1.0000039      1.0869911      10.000000      1.0869911
     0.17400000      1.0000040      1.0932742      10.000000      1.0932742
     0.17500000      1.0000040      1.0995574      10.000000      1.0995574
     0.17600000      1.0000040      1.1058406      10.000000      1.1058406
     0.17700000      1.0000041      1.1121238      10.000000      1.1121238
     0.17800000      1.0000041      1.1184070      10.000000      1.1184070
     0.17900000      1.0000042      1.1246902      10.000000      1.1246902
     0.18000000      1.0000042      1.1309734      10.000000      1.1309734
     0.18100000      1.0000043      1.1372565      10.000000      1.1372565
     0.18200000      1.0000043      1.1435397      10.000000      1.1435397
     0.18300000      1.0000044      1.1498229      10.000000      1.1498229
     0.18400000      1.0000044      1.1561061      10.000000      1.1561061
     0.18500000      1.0000045      1.1623893      10.000000      1.1623893
     0.18600000      1.0000045      1.1686725      10.000000      1.1686725
     0.18700000      1.0000046      1.1749557      10.000000      1.1749557
     0.18800000      1.0000046      1.1812388      10.000000      1.1812388
     0.18900000      1.0000046      1.1875220      10.000000      1.1875220
     0.19000000      1.0000047      1.1938052      10.000000      1.1938052
     0.19100000      1.0000047      1.2000884      10.000000      1.2000884
     0.19200000      1.0000048      1.2063716      10.000000      1.2063716
     0.19300000      1.0000048      1.2126548      10.000000      1.2126548
     0.19400000      1.0000049      1.2189379      10.000000      1.2189379
     0.19500000      1.0000049      1.2252211      10.000000      1.2252211
     0.19600000      1.0000050      1.2315043      10.000000      1.2315043
     0.19700000      1.0000050      1.2377875      10.000000      1.2377875
     0.19800000      1.0000051      1.2440707      10.000000      1.2440707
     0.19900000      1.0000051      1.2503539      10.000000      1.2503539
     0.20000000      1.0000052      1.2566371      10.000000      1.2566371
     0.20100000      1.0000052      1.2629202      10.000000      1.2629202
     0.20200000      1.0000053      1.2692034      10.000000      1.2692034
     0.20300000      1.0000053      1.2754866      10.000000      1.2754866
     0.20400000      1.0000054      1.2817698      10.000000      1.2817698
     0.20500000      1.0000054      1.2880530      10.000000      1.2880530
     0.20600000      1.0000055      1.2943362      10.000000      1.2943362
     0.20700000      1.0000055      1.3006194      10.000000      1.3006194
     0.20800000      1.0000056      1.3069025      10.000000      1.3069025
     0.20900000      1.0000056      1.3131857      10.000000      1.3131857
     0.21000000      1.0000057      1.3194689      10.000000      1.3194689
     0.21100000      1.0000058      1.3257521      10.000000      1.3257521
     0.21200000      1.0000058      1.3320353      10.000000      1.3320353
     0.21300000      1.0000059      1.3383185      10.000000      1.3383185
     0.21400000      1.0000059      1.3446017      10.000000      1.3446017
     0.21500000      1.0000060      1.3508848      10.000000      1.3508848
     0.21600000      1.0000060      1.3571680      10.000000      1.3571680
     0.21700000      1.0000061      1.3634512      10.000000      1.3634512
     0.21800000      1.0000061      1.3697344      10.000000      1.3697344
     0.21900000      1.0000062      1.3760176      10.000000      1.3760176
     0.22000000      1.0000062      1.3823008      10.000000      1.3823008
     0.22100000      1.0000063      1.3885840      10.000000      1.3885840
     0.22200000      1.0000063      1.3948671      10.000000      1.3948671
     0.22300000      1.0000064      1.4011503      10.000000      1.4011503
     0.22400000      1.0000065      1.4074335      10.000000      1.4074335
     0.22500000      1.0000065      1.4137167      10.000000      1.4137167
     0.22600000      1.0000066      1.4199999      10.000000      1.4199999
     0.22700000      1.0000066      1.4262831      10.000000      1.4262831
     0.22800000      1.0000067      1.4325663      10.000000      1.4325663
     0.22900000      1.0000067      1.4388494      10.000000      1.4388494
     0.23000000      1.0000068      1.4451326      10.000000      1.4451326
     0.23100000      1.0000068      1.4514158      10.000000      1.4514158
     0.23200000      1.0000069      1.4576990      10.000000      1.4576990
     0.23300000      1.0000070      1.4639822      10.000000      1.4639822
     0.23400000      1.0000070      1.4702654      10.000000      1.4702654
     0.23500000      1.0000071      1.4765485      10.000000      1.4765485
     0.23600000      1.0000071      1.4828317      10.000000      1.4828317
     0.23700000      1.0000072      1.4891149      10.000000      1.4891149
     0.23800000      1.0000073      1.4953981      10.000000      1.4953981
     0.23900000      1.0000073      1.5016813      10.000000      1.5016813
     0.24000000      1.0000074      1.5079645      10.000000      1.5079645
     0.24100000      1.0000074      1.5142477      10.000000      1.5142477
     0.24200000      1.0000075      1.5205308      10.000000      1.5205308
     0.24300000      1.0000075      1.5268140      10.000000      1.5268140
     0.24400000      1.0000076      1.5330972      10.000000      1.5330972
     0.24500000      1.0000077      1.5393804      10.000000      1.5393804
     0.24600000      1.0000077      1.5456636      10.000000      1.5456636
     0.24700000      1.0000078      1.5519468      10.000000      1.5519468
     0.24800000      1.0000078      1.5582300      10.000000      1.5582300
     0.24900000      1.0000079      1.5645131      10.000000      1.5645131
     0.25000000      1.0000080      1.5707963      10.000000      1.5707963
     0.25100000      1.0000080      1.5770795      10.000000      1.5770795
     0.25200000      1.0000081      1.5833627      10.000000      1.5833627
     0.25300000      1.0000082      1.5896459      10.000000      1.5896459
     0.25400000      1.0000082      1.5959291      10.000000      1.5959291
     0.25500000      1.0000083      1.6022123      10.000000      1.6022123
     0.25600000      1.0000083      1.6084954      10.000000      1.6084954
     0.25700000      1.0000084      1.6147786      10.000000      1.6147786
     0.25800000      1.0000085      1.6210618      10.000000      1.6210618
     0.25900000      1.0000085      1.6273450      10.000000      1.6273450
     0.26000000      1.0000086      1.6336282      10.000000      1.6336282
     0.26100000      1.0000087      1.6399114      10.000000      1.6399114
     0.26200000      1.0000087      1.6461946      10.000000      1.6461946
     0.26300000      1.0000088      1.6524777      10.000000      1.6524777
     0.26400000      1.0000088      1.6587609      10.000000      1.6587609
     0.26500000      1.0000089      1.6650441      10.000000      1.6650441
     0.26600000      1.0000090      1.6713273      10.000000      1.6713273
     0.26700000      1.0000090      1.6776105      10.000000      1.6776105
     0.26800000      1.0000091      1.6838937      10.000000      1.6838937
     0.26900000      1.0000092      1.6901768      10.000000      1.6901768
     0.27000000      1.0000092      1.6964600      10.000000      1.6964600
     0.27100000      1.0000093      1.7027432      10.000000      1.7027432
     0.27200000      1.0000094      1.7090264      10.000000      1.7090264
     0.27300000      1.0000094      1.7153096      10.000000      1.7153096
     0.27400000      1.0000095      1.7215928      10.000000      1.7215928
     0.27500000      1.0000096      1.7278760      10.000000      1.7278760
     0.27600000      1.0000096      1.7341591      10.000000      1.7341591
     0.27700000      1.0000097      1.7404423      10.000000      1.7404423
     0.27800000      1.0000098      1.7467255      10.000000      1.7467255
     0.27900000      1.0000098      1.7530087      10.000000      1.7530087
     0.28000000      1.0000099      1.7592919      10.000000      1.7592919
     0.28100000      1.0000100      1.7655751      10.000000      1.7655751
     0.28200000      1.0000100      1.7718583      10.000000      1.7718583
     0.28300000      1.0000101      1.7781414      10.000000      1.7781414
     0.28400000      1.0000102      1.7844246      10.000000      1.7844246
     0.28500000      1.0000102      1.7907078      10.000000      1.7907078
     0.28600000      1.0000103      1.7969910      10.000000      1.7969910
     0.28700000      1.0000104      1.8032742      10.000000      1.8032742
     0.28800000      1.0000104      1.8095574      10.000000      1.8095574
     0.28900000      1.0000105      1.8158406      10.000000      1.8158406
     0.29000000      1.0000106      1.8221237      10.000000      1.8221237
     0.29100000      1.0000106      1.8284069      10.000000      1.8284069
     0.29200000      1.0000107      1.8346901      10.000000      1.8346901
     0.29300000      1.0000108      1.8409733      10.000000      1.8409733
     0.29400000      1.0000108      1.8472565      10.000000      1.8472565
     0.29500000      1.0000109      1.8535397      10.000000      1.8535397
     0.29600000      1.0000110      1.8598229      10.000000      1.8598229
     0.29700000      1.0000111      1.8661060      10.000000      1.8661060
     0.29800000      1.0000111      1.8723892      10.000000      1.8723892
     0.29900000      1.0000112      1.8786724      10.000000      1.8786724
     0.30000000      1.0000113      1.8849556      10.000000      1.8849556
     0.30100000      1.0000113      1.8912388      10.000000      1.8912388
     0.30200000      1.0000114      1.8975220      10.000000      1.8975220
     0.30300000      1.0000115      1.9038051      10.000000      1.9038051
     0.30400000      1.0000116      1.9100883      10.000000      1.9100883
     0.30500000      1.0000116      1.9163715      10.000000      1.9163715
     0.30600000      1.0000117      1.9226547      10.000000      1.9226547
     0.30700000      1.0000118      1.9289379      10.000000      1.9289379
     0.30800000      1.0000118      1.9352211      10.000000      1.9352211
     0.30900000      1.0000119      1.9415043      10.000000      1.9415043
     0.31000000      1.0000120      1.9477874      10.000000      1.9477874
     0.31100000      1.0000121      1.9540706      10.000000      1.9540706
     0.31200000      1.0000121      1.9603538      10.000000      1.9603538
     0.31300000      1.0000122      1.9666370      10.000000      1.9666370
     0.31400000      1.0000123      1.9729202      10.000000      1.9729202
     0.31500000      1.0000124      1.9792034      10.000000      1.9792034
     0.31600000      1.0000124      1.9854866      10.000000      1.9854866
     0.31700000      1.0000125      1.9917697      10.000000      1.9917697
     0.31800000      1.0000126      1.9980529      10.000000      1.9980529
     0.31900000      1.0000126      2.0043361      10.000000      2.0043361
     0.32000000      1.0000127      2.0106193      10.000000      2.0106193
     0.32100000      1.0000128      2.0169025      10.000000      2.0169025
     0.32200000      1.0000129      2.0231857      10.000000      2.0231857
     0.32300000      1.0000129      2.0294689      10.000000      2.0294689
     0.32400000      1.0000130      2.0357520      10.000000      2.0357520
     0.32500000      1.0000131      2.0420352      10.000000      2.0420352
     0.32600000      1.0000132      2.0483184      10.000000      2.0483184
     0.32700000      1.0000132      2.0546016      10.000000      2.0546016
     0.32800000      1.0000133      2.0608848      10.000000      2.0608848
     0.32900000      1.0000134      2.0671680      10.000000      2.0671680
     0.33000000      1.0000135      2.0734512      10.000000      2.0734512
     0.33100000      1.0000136      2.0797343      10.000000      2.0797343
     0.33200000      1.0000136      2.0860175      10.000000      2.0860175
     0.33300000      1.0000137      2.0923007      10.000000      2.0923007
     0.33400000      1.0000138      2.0985839      10.000000      2.0985839
     0.33500000      1.0000139      2.1048671      10.000000      2.1048671
     0.33600000      1.0000139      2.1111503      10.000000      2.1111503
     0.33700000      1.0000140      2.1174334      10.000000      2.1174334
     0.33800000      1.0000141      2.1237166      10.000000      2.1237166
     0.33900000      1.0000142      2.1299998      10.000000      2.1299998
     0.34000000      1.0000143      2.1362830      10.000000      2.1362830
     0.34100000      1.0000143      2.1425662      10.000000      2.1425662
     0.34200000      1.0000144      2.1488494      10.000000      2.1488494
     0.34300000      1.0000145      2.1551326      10.000000      2.1551326
     0.34400000      1.0000146      2.1614157      10.000000      2.1614157
     0.34500000      1.0000146      2.1676989      10.000000      2.1676989
     0.34600000      1.0000147      2.1739821      10.000000      2.1739821
     0.34700000      1.0000148      2.1802653      10.000000      2.1802653
     0.34800000      1.0000149      2.1865485      10.000000      2.1865485
     0.34900000      1.0000150      2.1928317      10.000000      2.1928317
     0.35000000      1.0000150      2.1991149      10.000000      2.1991149
     0.35100000      1.0000151      2.2053980      10.000000      2.2053980
     0.35200000      1.0000152      2.2116812      10.000000      2.2116812
     0.35300000      1.0000153      2.2179644      10.000000      2.2179644
     0.35400000      1.0000154      2.2242476      10.000000      2.2242476
     0.35500000      1.0000154      2.2305308      10.000000      2.2305308
     0.35600000      1.0000155      2.2368140      10.000000      2.2368140
     0.35700000      1.0000156      2.2430972      10.000000      2.2430972
     0.35800000      1.0000157      2.2493803      10.000000      2.2493803
     0.35900000      1.0000158      2.2556635      10.000000      2.2556635
     0.36000000      1.0000159      2.2619467      10.000000      2.2619467
     0.36100000      1.0000159      2.2682299      10.000000      2.2682299
     0.36200000      1.0000160      2.2745131      10.000000      2.2745131
     0.36300000      1.0000161      2.2807963      10.000000      2.2807963
     0.36400000      1.0000162      2.2870795      10.000000      2.2870795
     0.36500000      1.0000163      2.2933626      10.000000      2.2933626
     0.36600000      1.0000163      2.2996458      10.000000      2.2996458
     0.36700000      1.0000164      2.3059290      10.000000      2.3059290
     0.36800000      1.0000165      2.3122122      10.000000      2.3122122
     0.36900000      1.0000166      2.3184954      10.000000      2.3184954
     0.37000000      1.0000167      2.3247786      10.000000      2.3247786
     0.37100000      1.0000168      2.3310617      10.000000      2.3310617
     0.37200000      1.0000168      2.3373449      10.000000      2.3373449
     0.37300000      1.0000169      2.3436281      10.000000      2.3436281
     0.37400000      1.0000170      2.3499113      10.000000      2.3499113
     0.37500000      1.0000171      2.3561945      10.000000      2.3561945
     0.37600000      1.0000172      2.3624777      10.000000      2.3624777
     0.37700000      1.0000173      2.3687609      10.000000      2.3687609
     0.37800000      1.0000174      2.3750440      10.000000      2.3750440
     0.37900000      1.0000174      2.3813272      10.000000      2.3813272
     0.38000000      1.0000175      2.3876104      10.000000      2.3876104
     0.38100000      1.0000176      2.3938936      10.000000      2.3938936
     0.38200000      1.0000177      2.4001768      10.000000      2.4001768
     0.38300000      1.0000178      2.4064600      10.000000      2.4064600
     0.38400000      1.0000179      2.4127432      10.000000      2.4127432
     0.38500000      1.0000179      2.4190263      10.000000      2.4190263
     0.38600000      1.0000180      2.4253095      10.000000      2.4253095
     0.38700000      1.0000181      2.4315927      10.000000      2.4315927
     0.38800000      1.0000182      2.4378759      10.000000      2.4378759
     0.38900000      1.0000183      2.4441591      10.000000      2.4441591
     0.39000000      1.0000184      2.4504423      10.000000      2.4504423
     0.39100000      1.0000185      2.4567255      10.000000      2.4567255
     0.39200000      1.0000186      2.4630086      10.000000      2.4630086
     0.39300000      1.0000186      2.4692918      10.000000      2.4692918
     0.39400000      1.0000187      2.4755750      10.000000      2.4755750
     0.39500000      1.0000188      2.4818582      10.000000      2.4818582
     0.39600000      1.0000189      2.4881414      10.000000      2.4881414
     0.39700000      1.0000190      2.4944246      10.000000      2.4944246
     0.39800000      1.0000191      2.5007078      10.000000      2.5007078
     0.39900000      1.0000192      2.5069909      10.000000      2.5069909
     0.40000000      1.0000193      2.5132741      10.000000      2.5132741
     0.40100000      1.0000193      2.5195573      10.000000      2.5195573
     0.40200000      1.0000194      2.5258405      10.000000      2.5258405
     0.40300000      1.0000195      2.5321237      10.000000      2.5321237
     0.40400000      1.0000196      2.5384069      10.000000      2.5384069
     0.40500000      1.0000197      2.5446900      10.000000      2.5446900
     0.40600000      1.0000198      2.5509732      10.000000      2.5509732
     0.40700000      1.0000199      2.5572564      10.000000      2.5572564
     0.40800000      1.0000200      2.5635396      10.000000      2.5635396
     0.40900000      1.0000201      2.5698228      10.000000      2.5698228
     0.41000000      1.0000201      2.5761060      10.000000      2.5761060
     0.41100000      1.0000202      2.5823892      10.000000      2.5823892
     0.41200000      1.0000203      2.5886723      10.000000      2.5886723
     0.41300000      1.0000204      2.5949555      10.000000      2.5949555
     0.41400000      1.0000205      2.6012387      10.000000      2.6012387
     0.41500000      1.0000206      2.6075219      10.000000      2.6075219
     0.41600000      1.0000207      2.6138051      10.000000      2.6138051
     0.41700000      1.0000208      2.6200883      10.000000      2.6200883
     0.41800000      1.0000209      2.6263715      10.000000      2.6263715
     0.41900000      1.0000210      2.6326546      10.000000      2.6326546
     0.42000000      1.0000211      2.6389378      10.000000      2.6389378
     0.42100000      1.0000211      2.6452210      10.000000      2.6452210
     0.42200000      1.0000212      2.6515042      10.000000      2.6515042
     0.42300000      1.0000213      2.6577874      10.000000      2.6577874
     0.42400000      1.0000214      2.6640706      10.000000      2.6640706
     0.42500000      1.0000215      2.6703538      10.000000      2.6703538
     0.42600000      1.0000216      2.6766369      10.000000      2.6766369
     0.42700000      1.0000217      2.6829201      10.000000      2.6829201
     0.42800000      1.0000218      2.6892033      10.000000      2.6892033
     0.42900000      1.0000219      2.6954865      10.000000      2.6954865
     0.43000000      1.0000220      2.7017697      10.000000      2.7017697
     0.43100000      1.0000221      2.7080529      10.000000      2.7080529
     0.43200000      1.0000222      2.7143361      10.000000      2.7143361
     0.43300000      1.0000223      2.7206192      10.000000      2.7206192
     0.43400000      1.0000224      2.7269024      10.000000      2.7269024
     0.43500000      1.0000224      2.7331856      10.000000      2.7331856
     0.43600000      1.0000225      2.7394688      10.000000      2.7394688
     0.43700000      1.0000226      2.7457520      10.000000      2.7457520
     0.43800000      1.0000227      2.7520352      10.000000      2.7520352
     0.43900000      1.0000228      2.7583183      10.000000      2.7583183
     0.44000000      1.0000229      2.7646015      10.000000      2.7646015
     0.44100000      1.0000230      2.7708847      10.000000      2.7708847
     0.44200000      1.0000231      2.7771679      10.000000      2.7771679
     0.44300000      1.0000232      2.7834511      10.000000      2.7834511
     0.44400000      1.0000233      2.7897343      10.000000      2.7897343
     0.44500000      1.0000234      2.7960175      10.000000      2.7960175
     0.44600000      1.0000235      2.8023006      10.000000      2.8023006
     0.44700000      1.0000236      2.8085838      10.000000      2.8085838
     0.44800000      1.0000237      2.8148670      10.000000      2.8148670
     0.44900000      1.0000238      2.8211502      10.000000      2.8211502
     0.45000000      1.0000239      2.8274334      10.000000      2.8274334
     0.45100000      1.0000240      2.8337166      10.000000      2.8337166
     0.45200000      1.0000241      2.8399998      10.000000      2.8399998
     0.45300000      1.0000242      2.8462829      10.000000      2.8462829
     0.45400000      1.0000243      2.8525661      10.000000      2.8525661
     0.45500000      1.0000244      2.8588493      10.000000      2.8588493
     0.45600000      1.0000245      2.8651325      10.000000      2.8651325
     0.45700000      1.0000246      2.8714157      10.000000      2.8714157
     0.45800000      1.0000246      2.8776989      10.000000      2.8776989
     0.45900000      1.0000247      2.8839821      10.000000      2.8839821
     0.46000000      1.0000248      2.8902652      10.000000      2.8902652
     0.46100000      1.0000249      2.8965484      10.000000      2.8965484
     0.46200000      1.0000250      2.9028316      10.000000      2.9028316
     0.46300000      1.0000251      2.9091148      10.000000      2.9091148
     0.46400000      1.0000252      2.9153980      10.000000      2.9153980
     0.46500000      1.0000253      2.9216812      10.000000      2.9216812
     0.46600000      1.0000254      2.9279644      10.000000      2.9279644
     0.46700000      1.0000255      2.9342475      10.000000      2.9342475
     0.46800000      1.0000256      2.9405307      10.000000      2.9405307
     0.46900000      1.0000257      2.9468139      10.000000      2.9468139
     0.47000000      1.0000258      2.9530971      10.000000      2.9530971
     0.47100000      1.0000259      2.9593803      10.000000      2.9593803
     0.47200000      1.0000260      2.9656635      10.000000      2.9656635
     0.47300000      1.0000261      2.9719467      10.000000      2.9719467
     0.47400000      1.0000262      2.9782298      10.000000      2.9782298
     0.47500000      1.0000263      2.9845130      10.000000      2.9845130
     0.47600000      1.0000264      2.9907962      10.000000      2.9907962
     0.47700000      1.0000265      2.9970794      10.000000      2.9970794
     0.47800000      1.0000266      3.0033626      10.000000      3.0033626
     0.47900000      1.0000267      3.0096458      10.000000      3.0096458
     0.48000000      1.0000268      3.0159289      10.000000      3.0159289
     0.48100000      1.0000269      3.0222121      10.000000      3.0222121
     0.48200000      1.0000270      3.0284953      10.000000      3.0284953
     0.48300000      1.0000271      3.0347785      10.000000      3.0347785
     0.48400000      1.0000272      3.0410617      10.000000      3.0410617
     0.48500000      1.0000273      3.0473449      10.000000      3.0473449
     0.48600000      1.0000274      3.0536281      10.000000      3.0536281
     0.48700000      1.0000275      3.0599112      10.000000      3.0599112
     0.48800000      1.0000276      3.0661944      10.000000      3.0661944
     0.48900000      1.0000277      3.0724776      10.000000      3.0724776
     0.49000000      1.0000278      3.0787608      10.000000      3.0787608
     0.49100000      1.0000279      3.0850440      10.000000      3.0850440
     0.49200000      1.0000280      3.0913272      10.000000      3.0913272
     0.49300000      1.0000281      3.0976104      10.000000      3.0976104
     0.49400000      1.0000282      3.1038935      10.000000      3.1038935
     0.49500000      1.0000283      3.1101767      10.000000      3.1101767
     0.49600000      1.0000284      3.1164599      10.000000      3.1164599
     0.49700000      1.0000286      3.1227431      10.000000      3.1227431
     0.49800000      1.0000287      3.1290263      10.000000      3.1290263
     0.49900000      1.0000288      3.1353095      10.000000      3.1353095
     0.50000000      1.0000289      3.1415927      10.000000      3.1415927
     0.50100000      1.0000290      3.1478758      10.000000      3.1478758
     0.50200000      1.0000291      3.1541590      10.000000      3.1541590
     0.50300000      1.0000292      3.1604422      10.000000      3.1604422
     0.50400000      1.0000293      3.1667254      10.000000      3.1667254
     0.50500000      1.0000294      3.1730086      10.000000      3.1730086
     0.50600000      1.0000295      3.1792918      10.000000      3.1792918
     0.50700000      1.0000296      3.1855750      10.000000      3.1855750
     0.50800000      1.0000297      3.1918581      10.000000      3.1918581
     0.50900000      1.0000298      3.1981413      10.000000      3.1981413
     0.51000000      1.0000299      3.2044245      10.000000      3.2044245
     0.51100000      1.0000300      3.2107077      10.000000      3.2107077
     0.51200000      1.0000301      3.2169909      10.000000      3.2169909
     0.51300000      1.0000302      3.2232741      10.000000      3.2232741
     0.51400000      1.0000303      3.2295572      10.000000      3.2295572
     0.51500000      1.0000304      3.2358404      10.000000      3.2358404
     0.51600000      1.0000305      3.2421236      10.000000      3.2421236
     0.51700000      1.0000306      3.2484068      10.000000      3.2484068
     0.51800000      1.0000307      3.2546900      10.000000      3.2546900
     0.51900000      1.0000308      3.2609732      10.000000      3.2609732
     0.52000000      1.0000310      3.2672564      10.000000      3.2672564
     0.52100000      1.0000311      3.2735395      10.000000      3.2735395
     0.52200000      1.0000312      3.2798227      10.000000      3.2798227
     0.52300000      1.0000313      3.2861059      10.000000      3.2861059
     0.52400000      1.0000314      3.2923891      10.000000      3.2923891
     0.52500000      1.0000315      3.2986723      10.000000      3.2986723
     0.52600000      1.0000316      3.3049555      10.000000      3.3049555
     0.52700000      1.0000317      3.3112387      10.000000      3.3112387
     0.52800000      1.0000318      3.3175218      10.000000      3.3175218
     0.52900000      1.0000319      3.3238050      10.000000      3.3238050
     0.53000000      1.0000320      3.3300882      10.000000      3.3300882
     0.53100000      1.0000321      3.3363714      10.000000      3.3363714
     0.53200000      1.0000322      3.3426546      10.000000      3.3426546
     0.53300000      1.0000323      3.3489378      10.000000      3.3489378
     0.53400000      1.0000324      3.3552210      10.000000      3.3552210
     0.53500000      1.0000326      3.3615041      10.000000      3.3615041
     0.53600000      1.0000327      3.3677873      10.000000      3.3677873
     0.53700000      1.0000328      3.3740705      10.000000      3.3740705
     0.53800000      1.0000329      3.3803537      10.000000      3.3803537
     0.53900000      1.0000330      3.3866369      10.000000      3.3866369
     0.54000000      1.0000331      3.3929201      10.000000      3.3929201
     0.54100000      1.0000332      3.3992033      10.000000      3.3992033
     0.54200000      1.0000333      3.4054864      10.000000      3.4054864
     0.54300000      1.0000334      3.4117696      10.000000      3.4117696
     0.54400000      1.0000335      3.4180528      10.000000      3.4180528
     0.54500000      1.0000336      3.4243360      10.000000      3.4243360
     0.54600000      1.0000338      3.4306192      10.000000      3.4306192
     0.54700000      1.0000339      3.4369024      10.000000      3.4369024
     0.54800000      1.0000340      3.4431855      10.000000      3.4431855
     0.54900000      1.0000341      3.4494687      10.000000      3.4494687
     0.55000000      1.0000342      3.4557519      10.000000      3.4557519
     0.55100000      1.0000343      3.4620351      10.000000      3.4620351
     0.55200000      1.0000344      3.4683183      10.000000      3.4683183
     0.55300000      1.0000345      3.4746015      10.000000      3.4746015
     0.55400000      1.0000346      3.4808847      10.000000      3.4808847
     0.55500000      1.0000347      3.4871678      10.000000      3.4871678
     0.55600000      1.0000348      3.4934510      10.000000      3.4934510
     0.55700000      1.0000350      3.4997342      10.000000      3.4997342
     0.55800000      1.0000351      3.5060174      10.000000      3.5060174
     0.55900000      1.0000352      3.5123006      10.000000      3.5123006
     0.56000000      1.0000353      3.5185838      10.000000      3.5185838
     0.56100000      1.0000354      3.5248670      10.000000      3.5248670
     0.56200000      1.0000355      3.5311501      10.000000      3.5311501
     0.56300000      1.0000356      3.5374333      10.000000      3.5374333
     0.56400000      1.0000357      3.5437165      10.000000      3.5437165
     0.56500000      1.0000358      3.5499997      10.000000      3.5499997
     0.56600000      1.0000360      3.5562829      10.000000      3.5562829
     0.56700000      1.0000361      3.5625661      10.000000      3.5625661
     0.56800000      1.0000362      3.5688493      10.000000      3.5688493
     0.56900000      1.0000363      3.5751324      10.000000      3.5751324
     0.57000000      1.0000364      3.5814156      10.000000      3.5814156
     0.57100000      1.0000365      3.5876988      10.000000      3.5876988
     0.57200000      1.0000366      3.5939820      10.000000      3.5939820
     0.57300000      1.0000367      3.6002652      10.000000      3.6002652
     0.57400000      1.0000369      3.6065484      10.000000      3.6065484
     0.57500000      1.0000370      3.6128316      10.000000      3.6128316
     0.57600000      1.0000371      3.6191147      10.000000      3.6191147
     0.57700000      1.0000372      3.6253979      10.000000      3.6253979
     0.57800000      1.0000373      3.6316811      10.000000      3.6316811
     0.57900000      1.0000374      3.6379643      10.000000      3.6379643
     0.58000000      1.0000375      3.6442475      10.000000      3.6442475
     0.58100000      1.0000377      3.6505307      10.000000      3.6505307
     0.58200000      1.0000378      3.6568138      10.000000      3.6568138
     0.58300000      1.0000379      3.6630970      10.000000      3.6630970
     0.58400000      1.0000380      3.6693802      10.000000      3.6693802
     0.58500000      1.0000381      3.6756634      10.000000      3.6756634
     0.58600000      1.0000382      3.6819466      10.000000      3.6819466
     0.58700000      1.0000383      3.6882298      10.000000      3.6882298
     0.58800000      1.0000384      3.6945130      10.000000      3.6945130
     0.58900000      1.0000386      3.7007961      10.000000      3.7007961
     0.59000000      1.0000387      3.7070793      10.000000      3.7070793
     0.59100000      1.0000388      3.7133625      10.000000      3.7133625
     0.59200000      1.0000389      3.7196457      10.000000      3.7196457
     0.59300000      1.0000390      3.7259289      10.000000      3.7259289
     0.59400000      1.0000391      3.7322121      10.000000      3.7322121
     0.59500000      1.0000393      3.7384953      10.000000      3.7384953
     0.59600000      1.0000394      3.7447784      10.000000      3.7447784
     0.59700000      1.0000395      3.7510616      10.000000      3.7510616
     0.59800000      1.0000396      3.7573448      10.000000      3.7573448
     0.59900000      1.0000397      3.7636280      10.000000      3.7636280
     0.60000000      1.0000398      3.7699112      10.000000      3.7699112
     0.60100000      1.0000399      3.7761944      10.000000      3.7761944
     0.60200000      1.0000401      3.7824776      10.000000      3.7824776
     0.60300000      1.0000402      3.7887607      10.000000      3.7887607
     0.60400000      1.0000403      3.7950439      10.000000      3.7950439
     0.60500000      1.0000404      3.8013271      10.000000      3.8013271
     0.60600000      1.0000405      3.8076103      10.000000      3.8076103
     0.60700000      1.0000406      3.8138935      10.000000      3.8138935
     0.60800000      1.0000408      3.8201767      10.000000      3.8201767
     0.60900000      1.0000409      3.8264599      10.000000      3.8264599
     0.61000000      1.0000410      3.8327430      10.000000      3.8327430
     0.61100000      1.0000411      3.8390262      10.000000      3.8390262
     0.61200000      1.0000412      3.8453094      10.000000      3.8453094
     0.61300000      1.0000413      3.8515926      10.000000      3.8515926
     0.61400000      1.0000415      3.8578758      10.000000      3.8578758
     0.61500000      1.0000416      3.8641590      10.000000      3.8641590
     0.61600000      1.0000417      3.8704421      10.000000      3.8704421
     0.61700000      1.0000418      3.8767253      10.000000      3.8767253
     0.61800000      1.0000419      3.8830085      10.000000      3.8830085
     0.61900000      1.0000420      3.8892917      10.000000      3.8892917
     0.62000000      1.0000422      3.8955749      10.000000      3.8955749
     0.62100000      1.0000423      3.9018581      10.000000      3.9018581
     0.62200000      1.0000424      3.9081413      10.000000      3.9081413
     0.62300000      1.0000425      3.9144244      10.000000      3.9144244
     0.62400000      1.0000426      3.9207076      10.000000      3.9207076
     0.62500000      1.0000428      3.9269908      10.000000      3.9269908
     0.62600000      1.0000429      3.9332740      10.000000      3.9332740
     0.62700000      1.0000430      3.9395572      10.000000      3.9395572
     0.62800000      1.0000431      3.9458404      10.000000      3.9458404
     0.62900000      1.0000432      3.9521236      10.000000      3.9521236
     0.63000000      1.0000434      3.9584067      10.000000      3.9584067
     0.63100000      1.0000435      3.9646899      10.000000      3.9646899
     0.63200000      1.0000436      3.9709731      10.000000      3.9709731
     0.63300000      1.0000437      3.9772563      10.000000      3.9772563
     0.63400000      1.0000438      3.9835395      10.000000      3.9835395
     0.63500000      1.0000439      3.9898227      10.000000      3.9898227
     0.63600000      1.0000441      3.9961059      10.000000      3.9961059
     0.63700000      1.0000442      4.0023890      10.000000      4.0023890
     0.63800000      1.0000443      4.0086722      10.000000      4.0086722
     0.63900000      1.0000444      4.0149554      10.000000      4.0149554
     0.64000000      1.0000445      4.0212386      10.000000      4.0212386
     0.64100000      1.0000447      4.0275218      10.000000      4.0275218
     0.64200000      1.0000448      4.0338050      10.000000      4.0338050
     0.64300000      1.0000449      4.0400882      10.000000      4.0400882
     0.64400000      1.0000450      4.0463713      10.000000      4.0463713
     0.64500000      1.0000451      4.0526545      10.000000      4.0526545
     0.64600000      1.0000453      4.0589377      10.000000      4.0589377
     0.64700000      1.0000454      4.0652209      10.000000      4.0652209
     0.64800000      1.0000455      4.0715041      10.000000      4.0715041
     0.64900000      1.0000456      4.0777873      10.000000      4.0777873
     0.65000000      1.0000458      4.0840704      10.000000      4.0840704
     0.65100000      1.0000459      4.0903536      10.000000      4.0903536
     0.65200000      1.0000460      4.0966368      10.000000      4.0966368
     0.65300000      1.0000461      4.1029200      10.000000      4.1029200
     0.65400000      1.0000462      4.1092032      10.000000      4.1092032
     0.65500000      1.0000464      4.1154864      10.000000      4.1154864
     0.65600000      1.0000465      4.1217696      10.000000      4.1217696
     0.65700000      1.0000466      4.1280527      10.000000      4.1280527
     0.65800000      1.0000467      4.1343359      10.000000      4.1343359
     0.65900000      1.0000469      4.1406191      10.000000      4.1406191
     0.66000000      1.0000470      4.1469023      10.000000      4.1469023
     0.66100000      1.0000471      4.1531855      10.000000      4.1531855
     0.66200000      1.0000472      4.1594687      10.000000      4.1594687
     0.66300000      1.0000473      4.1657519      10.000000      4.1657519
     0.66400000      1.0000475      4.1720350      10.000000      4.1720350
     0.66500000      1.0000476      4.1783182      10.000000      4.1783182
     0.66600000      1.0000477      4.1846014      10.000000      4.1846014
     0.66700000      1.0000478      4.1908846      10.000000      4.1908846
     0.66800000      1.0000480      4.1971678      10.000000      4.1971678
     0.66900000      1.0000481      4.2034510      10.000000      4.2034510
     0.67000000      1.0000482      4.2097342      10.000000      4.2097342
     0.67100000      1.0000483      4.2160173      10.000000      4.2160173
     0.67200000      1.0000484      4.2223005      10.000000      4.2223005
     0.67300000      1.0000486      4.2285837      10.000000      4.2285837
     0.67400000      1.0000487      4.2348669      10.000000      4.2348669
     0.67500000      1.0000488      4.2411501      10.000000      4.2411501
     0.67600000      1.0000489      4.2474333      10.000000      4.2474333
     0.67700000      1.0000491      4.2537165      10.000000      4.2537165
     0.67800000      1.0000492      4.2599996      10.000000      4.2599996
     0.67900000      1.0000493      4.2662828      10.000000      4.2662828
     0.68000000      1.0000494      4.2725660      10.000000      4.2725660
     0.68100000      1.0000496      4.2788492      10.000000      4.2788492
     0.68200000      1.0000497      4.2851324      10.000000      4.2851324
     0.68300000      1.0000498      4.2914156      10.000000      4.2914156
     0.68400000      1.0000499      4.2976988      10.000000      4.2976988
     0.68500000      1.0000501      4.3039819      10.000000      4.3039819
     0.68600000      1.0000502      4.3102651      10.000000      4.3102651
     0.68700000      1.0000503      4.3165483      10.000000      4.3165483
     0.68800000      1.0000504      4.3228315      10.000000      4.3228315
     0.68900000      1.0000506      4.3291147      10.000000      4.3291147
     0.69000000      1.0000507      4.3353979      10.000000      4.3353979
     0.69100000      1.0000508      4.3416810      10.000000      4.3416810
     0.69200000      1.0000509      4.3479642      10.000000      4.3479642
     0.69300000      1.0000511      4.3542474      10.000000      4.3542474
     0.69400000      1.0000512      4.3605306      10.000000      4.3605306
     0.69500000      1.0000513      4.3668138      10.000000      4.3668138
     0.69600000      1.0000514      4.3730970      10.000000      4.3730970
     0.69700000      1.0000516      4.3793802      10.000000      4.3793802
     0.69800000      1.0000517      4.3856633      10.000000      4.3856633
     0.69900000      1.0000518      4.3919465      10.000000      4.3919465
     0.70000000      1.0000519      4.3982297      10.000000      4.3982297
     0.70100000      1.0000521      4.4045129      10.000000      4.4045129
     0.70200000      1.0000522      4.4107961      10.000000      4.4107961
     0.70300000      1.0000523      4.4170793      10.000000      4.4170793
     0.70400000      1.0000525      4.4233625      10.000000      4.4233625
     0.70500000      1.0000526      4.4296456      10.000000      4.4296456
     0.70600000      1.0000527      4.4359288      10.000000      4.4359288
     0.70700000      1.0000528      4.4422120      10.000000      4.4422120
     0.70800000      1.0000530      4.4484952      10.000000      4.4484952
     0.70900000      1.0000531      4.4547784      10.000000      4.4547784
     0.71000000      1.0000532      4.4610616      10.000000      4.4610616
     0.71100000      1.0000533      4.4673448      10.000000      4.4673448
     0.71200000      1.0000535      4.4736279      10.000000      4.4736279
     0.71300000      1.0000536      4.4799111      10.000000      4.4799111
     0.71400000      1.0000537      4.4861943      10.000000      4.4861943
     0.71500000      1.0000538      4.4924775      10.000000      4.4924775
     0.71600000      1.0000540      4.4987607      10.000000      4.4987607
     0.71700000      1.0000541      4.5050439      10.000000      4.5050439
     0.71800000      1.0000542      4.5113271      10.000000      4.5113271
     0.71900000      1.0000544      4.5176102      10.000000      4.5176102
     0.72000000      1.0000545      4.5238934      10.000000      4.5238934
     0.72100000      1.0000546      4.5301766      10.000000      4.5301766
     0.72200000      1.0000547      4.5364598      10.000000      4.5364598
     0.72300000      1.0000549      4.5427430      10.000000      4.5427430
     0.72400000      1.0000550      4.5490262      10.000000      4.5490262
     0.72500000      1.0000551      4.5553093      10.000000      4.5553093
     0.72600000      1.0000553      4.5615925      10.000000      4.5615925
     0.72700000      1.0000554      4.5678757      10.000000      4.5678757
     0.72800000      1.0000555      4.5741589      10.000000      4.5741589
     0.72900000      1.0000556      4.5804421      10.000000      4.5804421
     0.73000000      1.0000558      4.5867253      10.000000      4.5867253
     0.73100000      1.0000559      4.5930085      10.000000      4.5930085
     0.73200000      1.0000560      4.5992916      10.000000      4.5992916
     0.73300000      1.0000562      4.6055748      10.000000      4.6055748
     0.73400000      1.0000563      4.6118580      10.000000      4.6118580
     0.73500000      1.0000564      4.6181412      10.000000      4.6181412
     0.73600000      1.0000566      4.6244244      10.000000      4.6244244
     0.73700000      1.0000567      4.6307076      10.000000      4.6307076
     0.73800000      1.0000568      4.6369908      10.000000      4.6369908
     0.73900000      1.0000569      4.6432739      10.000000      4.6432739
     0.74000000      1.0000571      4.6495571      10.000000      4.6495571
     0.74100000      1.0000572      4.6558403      10.000000      4.6558403
     0.74200000      1.0000573      4.6621235      10.000000      4.6621235
     0.74300000      1.0000575      4.6684067      10.000000      4.6684067
     0.74400000      1.0000576      4.6746899      10.000000      4.6746899
     0.74500000      1.0000577      4.6809731      10.000000      4.6809731
     0.74600000      1.0000579      4.6872562      10.000000      4.6872562
     0.74700000      1.0000580      4.6935394      10.000000      4.6935394
     0.74800000      1.0000581      4.6998226      10.000000      4.6998226
     0.74900000      1.0000582      4.7061058      10.000000      4.7061058
     0.75000000      1.0000584      4.7123890      10.000000      4.7123890
     0.75100000      1.0000585      4.7186722      10.000000      4.7186722
     0.75200000      1.0000586      4.7249554      10.000000      4.7249554
     0.75300000      1.0000588      4.7312385      10.000000      4.7312385
     0.75400000      1.0000589      4.7375217      10.000000      4.7375217
     0.75500000      1.0000590      4.7438049      10.000000      4.7438049
     0.75600000      1.0000592      4.7500881      10.000000      4.7500881
     0.75700000      1.0000593      4.7563713      10.000000      4.7563713
     0.75800000      1.0000594      4.7626545      10.000000      4.7626545
     0.75900000      1.0000596      4.7689376      10.000000      4.7689376
     0.76000000      1.0000597      4.7752208      10.000000      4.7752208
     0.76100000      1.0000598      4.7815040      10.000000      4.7815040
     0.76200000      1.0000600      4.7877872      10.000000      4.7877872
     0.76300000      1.0000601      4.7940704      10.000000      4.7940704
     0.76400000      1.0000602      4.8003536      10.000000      4.8003536
     0.76500000      1.0000603      4.8066368      10.000000      4.8066368
     0.76600000      1.0000605      4.8129199      10.000000      4.8129199
     0.76700000      1.0000606      4.8192031      10.000000      4.8192031
     0.76800000      1.0000607      4.8254863      10.000000      4.8254863
     0.76900000      1.0000609      4.8317695      10.000000      4.8317695
     0.77000000      1.0000610      4.8380527      10.000000      4.8380527
     0.77100000      1.0000611      4.8443359      10.000000      4.8443359
     0.77200000      1.0000613      4.8506191      10.000000      4.8506191
     0.77300000      1.0000614      4.8569022      10.000000      4.8569022
     0.77400000      1.0000615      4.8631854      10.000000      4.8631854
     0.77500000      1.0000617      4.8694686      10.000000      4.8694686
     0.77600000      1.0000618      4.8757518      10.000000      4.8757518
     0.77700000      1.0000619      4.8820350      10.000000      4.8820350
     0.77800000      1.0000621      4.8883182      10.000000      4.8883182
     0.77900000      1.0000622      4.8946014      10.000000      4.8946014
     0.78000000      1.0000623      4.9008845      10.000000      4.9008845
     0.78100000      1.0000625      4.9071677      10.000000      4.9071677
     0.78200000      1.0000626      4.9134509      10.000000      4.9134509
     0.78300000      1.0000627      4.9197341      10.000000      4.9197341
     0.78400000      1.0000629      4.9260173      10.000000      4.9260173
     0.78500000      1.0000630      4.9323005      10.000000      4.9323005
     0.78600000      1.0000631      4.9385837      10.000000      4.9385837
     0.78700000      1.0000633      4.9448668      10.000000      4.9448668
     0.78800000      1.0000634      4.9511500      10.000000      4.9511500
     0.78900000      1.0000635      4.9574332      10.000000      4.9574332
     0.79000000      1.0000637      4.9637164      10.000000      4.9637164
     0.79100000      1.0000638      4.9699996      10.000000      4.9699996
     0.79200000      1.0000640      4.9762828      10.000000      4.9762828
     0.79300000      1.0000641      4.9825659      10.000000      4.9825659
     0.79400000      1.0000642      4.9888491      10.000000      4.9888491
     0.79500000      1.0000644      4.9951323      10.000000      4.9951323
     0.79600000      1.0000645      5.0014155      10.000000      5.0014155
     0.79700000      1.0000646      5.0076987      10.000000      5.0076987
     0.79800000      1.0000648      5.0139819      10.000000      5.0139819
     0.79900000      1.0000649      5.0202651      10.000000      5.0202651
     0.80000000      1.0000650      5.0265482      10.000000      5.0265482
     0.80100000      1.0000652      5.0328314      10.000000      5.0328314
     0.80200000      1.0000653      5.0391146      10.000000      5.0391146
     0.80300000      1.0000654      5.0453978      10.000000      5.0453978
     0.80400000      1.0000656      5.0516810      10.000000      5.0516810
     0.80500000      1.0000657      5.0579642      10.000000      5.0579642
     0.80600000      1.0000658      5.0642474      10.000000      5.0642474
     0.80700000      1.0000660      5.0705305      10.000000      5.0705305
     0.80800000      1.0000661      5.0768137      10.000000      5.0768137
     0.80900000      1.0000662      5.0830969      10.000000      5.0830969
     0.81000000      1.0000664      5.0893801      10.000000      5.0893801
     0.81100000      1.0000665      5.0956633      10.000000      5.0956633
     0.81200000      1.0000667      5.1019465      10.000000      5.1019465
     0.81300000      1.0000668      5.1082297      10.000000      5.1082297
     0.81400000      1.0000669      5.1145128      10.000000      5.1145128
     0.81500000      1.0000671      5.1207960      10.000000      5.1207960
     0.81600000      1.0000672      5.1270792      10.000000      5.1270792
     0.81700000      1.0000673      5.1333624      10.000000      5.1333624
     0.81800000      1.0000675      5.1396456      10.000000      5.1396456
     0.81900000      1.0000676      5.1459288      10.000000      5.1459288
     0.82000000      1.0000677      5.1522120      10.000000      5.1522120
     0.82100000      1.0000679      5.1584951      10.000000      5.1584951
     0.82200000      1.0000680      5.1647783      10.000000      5.1647783
     0.82300000      1.0000682      5.1710615      10.000000      5.1710615
     0.82400000      1.0000683      5.1773447      10.000000      5.1773447
     0.82500000      1.0000684      5.1836279      10.000000      5.1836279
     0.82600000      1.0000686      5.1899111      10.000000      5.1899111
     0.82700000      1.0000687      5.1961942      10.000000      5.1961942
     0.82800000      1.0000688      5.2024774      10.000000      5.2024774
     0.82900000      1.0000690      5.2087606      10.000000      5.2087606
     0.83000000      1.0000691      5.2150438      10.000000      5.2150438
     0.83100000      1.0000693      5.2213270      10.000000      5.2213270
     0.83200000      1.0000694      5.2276102      10.000000      5.2276102
     0.83300000      1.0000695      5.2338934      10.000000      5.2338934
     0.83400000      1.0000697      5.2401765      10.000000      5.2401765
     0.83500000      1.0000698      5.2464597      10.000000      5.2464597
     0.83600000      1.0000699      5.2527429      10.000000      5.2527429
     0.83700000      1.0000701      5.2590261      10.000000      5.2590261
     0.83800000      1.0000702      5.2653093      10.000000      5.2653093
     0.83900000      1.0000704      5.2715925      10.000000      5.2715925
     0.84000000      1.0000705      5.2778757      10.000000      5.2778757
     0.84100000      1.0000706      5.2841588      10.000000      5.2841588
     0.84200000      1.0000708      5.2904420      10.000000      5.2904420
     0.84300000      1.0000709      5.2967252      10.000000      5.2967252
     0.84400000      1.0000711      5.3030084      10.000000      5.3030084
     0.84500000      1.0000712      5.3092916      10.000000      5.3092916
     0.84600000      1.0000713      5.3155748      10.000000      5.3155748
     0.84700000      1.0000715      5.3218580      10.000000      5.3218580
     0.84800000      1.0000716      5.3281411      10.000000      5.3281411
     0.84900000      1.0000717      5.3344243      10.000000      5.3344243
     0.85000000      1.0000719      5.3407075      10.000000      5.3407075
     0.85100000      1.0000720      5.3469907      10.000000      5.3469907
     0.85200000      1.0000722      5.3532739      10.000000      5.3532739
     0.85300000      1.0000723      5.3595571      10.000000      5.3595571
     0.85400000      1.0000724      5.3658403      10.000000      5.3658403
     0.85500000      1.0000726      5.3721234      10.000000      5.3721234
     0.85600000      1.0000727      5.3784066      10.000000      5.3784066
     0.85700000      1.0000729      5.3846898      10.000000      5.3846898
     0.85800000      1.0000730      5.3909730      10.000000      5.3909730
     0.85900000      1.0000731      5.3972562      10.000000      5.3972562
     0.86000000      1.0000733      5.4035394      10.000000      5.4035394
     0.86100000      1.0000734      5.4098225      10.000000      5.4098225
     0.86200000      1.0000736      5.4161057      10.000000      5.4161057
     0.86300000      1.0000737      5.4223889      10.000000      5.4223889
     0.86400000      1.0000738      5.4286721      10.000000      5.4286721
     0.86500000      1.0000740      5.4349553      10.000000      5.4349553
     0.86600000      1.0000741      5.4412385      10.000000      5.4412385
     0.86700000      1.0000743      5.4475217      10.000000      5.4475217
     0.86800000      1.0000744      5.4538048      10.000000      5.4538048
     0.86900000      1.0000745      5.4600880      10.000000      5.4600880
     0.87000000      1.0000747      5.4663712      10.000000      5.4663712
     0.87100000      1.0000748      5.4726544      10.000000      5.4726544
     0.87200000      1.0000750      5.4789376      10.000000      5.4789376
     0.87300000      1.0000751      5.4852208      10.000000      5.4852208
     0.87400000      1.0000752      5.4915040      10.000000      5.4915040
     0.87500000      1.0000754      5.4977871      10.000000      5.4977871
     0.87600000      1.0000755      5.5040703      10.000000      5.5040703
     0.87700000      1.0000757      5.5103535      10.000000      5.5103535
     0.87800000      1.0000758      5.5166367      10.000000      5.5166367
     0.87900000      1.0000760      5.5229199      10.000000      5.5229199
     0.88000000      1.0000761      5.5292031      10.000000      5.5292031
     0.88100000      1.0000762      5.5354863      10.000000      5.5354863
     0.88200000      1.0000764      5.5417694      10.000000      5.5417694
     0.88300000      1.0000765      5.5480526      10.000000      5.5480526
     0.88400000      1.0000767      5.5543358      10.000000      5.5543358
     0.88500000      1.0000768      5.5606190      10.000000      5.5606190
     0.88600000      1.0000769      5.5669022      10.000000      5.5669022
     0.88700000      1.0000771      5.5731854      10.000000      5.5731854
     0.88800000      1.0000772      5.5794686      10.000000      5.5794686
     0.88900000      1.0000774      5.5857517      10.000000      5.5857517
     0.89000000      1.0000775      5.5920349      10.000000      5.5920349
     0.89100000      1.0000777      5.5983181      10.000000      5.5983181
     0.89200000      1.0000778      5.6046013      10.000000      5.6046013
     0.89300000      1.0000779      5.6108845      10.000000      5.6108845
     0.89400000      1.0000781      5.6171677      10.000000      5.6171677
     0.89500000      1.0000782      5.6234508      10.000000      5.6234508
     0.89600000      1.0000784      5.6297340      10.000000      5.6297340
     0.89700000      1.0000785      5.6360172      10.000000      5.6360172
     0.89800000      1.0000787      5.6423004      10.000000      5.6423004
     0.89900000      1.0000788      5.6485836      10.000000      5.6485836
     0.90000000      1.0000789      5.6548668      10.000000      5.6548668
     0.90100000      1.0000791      5.6611500      10.000000      5.6611500
     0.90200000      1.0000792      5.6674331      10.000000      5.6674331
     0.90300000      1.0000794      5.6737163      10.000000      5.6737163
     0.90400000      1.0000795      5.6799995      10.000000      5.6799995
     0.90500000      1.0000797      5.6862827      10.000000      5.6862827
     0.90600000      1.0000798      5.6925659      10.000000      5.6925659
     0.90700000      1.0000799      5.6988491      10.000000      5.6988491
     0.90800000      1.0000801      5.7051323      10.000000      5.7051323
     0.90900000      1.0000802      5.7114154      10.000000      5.7114154
     0.91000000      1.0000804      5.7176986      10.000000      5.7176986
     0.91100000      1.0000805      5.7239818      10.000000      5.7239818
     0.91200000      1.0000807      5.7302650      10.000000      5.7302650
     0.91300000      1.0000808      5.7365482      10.000000      5.7365482
     0.91400000      1.0000809      5.7428314      10.000000      5.7428314
     0.91500000      1.0000811      5.7491146      10.000000      5.7491146
     0.91600000      1.0000812      5.7553977      10.000000      5.7553977
     0.91700000      1.0000814      5.7616809      10.000000      5.7616809
     0.91800000      1.0000815      5.7679641      10.000000      5.7679641
     0.91900000      1.0000817      5.7742473      10.000000      5.7742473
     0.92000000      1.0000818      5.7805305      10.000000      5.7805305
     0.92100000      1.0000819      5.7868137      10.000000      5.7868137
     0.92200000      1.0000821      5.7930969      10.000000      5.7930969
     0.92300000      1.0000822      5.7993800      10.000000      5.7993800
     0.92400000      1.0000824      5.8056632      10.000000      5.8056632
     0.92500000      1.0000825      5.8119464      10.000000      5.8119464
     0.92600000      1.0000827      5.8182296      10.000000      5.8182296
     0.92700000      1.0000828      5.8245128      10.000000      5.8245128
     0.92800000      1.0000830      5.8307960      10.000000      5.8307960
     0.92900000      1.0000831      5.8370792      10.000000      5.8370792
     0.93000000      1.0000832      5.8433623      10.000000      5.8433623
     0.93100000      1.0000834      5.8496455      10.000000      5.8496455
     0.93200000      1.0000835      5.8559287      10.000000      5.8559287
     0.93300000      1.0000837      5.8622119      10.000000      5.8622119
     0.93400000      1.0000838      5.8684951      10.000000      5.8684951
     0.93500000      1.0000840      5.8747783      10.000000      5.8747783
     0.93600000      1.0000841      5.8810614      10.000000      5.8810614
     0.93700000      1.0000843      5.8873446      10.000000      5.8873446
     0.93800000      1.0000844      5.8936278      10.000000      5.8936278
     0.93900000      1.0000846      5.8999110      10.000000      5.8999110
     0.94000000      1.0000847      5.9061942      10.000000      5.9061942
     0.94100000      1.0000848      5.9124774      10.000000      5.9124774
     0.94200000      1.0000850      5.9187606      10.000000      5.9187606
     0.94300000      1.0000851      5.9250437      10.000000      5.9250437
     0.94400000      1.0000853      5.9313269      10.000000      5.9313269
     0.94500000      1.0000854      5.9376101      10.000000      5.9376101
     0.94600000      1.0000856      5.9438933      10.000000      5.9438933
     0.94700000      1.0000857      5.9501765      10.000000      5.9501765
     0.94800000      1.0000859      5.9564597      10.000000      5.9564597
     0.94900000      1.0000860      5.9627429      10.000000      5.9627429
     0.95000000      1.0000862      5.9690260      10.000000      5.9690260
     0.95100000      1.0000863      5.9753092      10.000000      5.9753092
     0.95200000      1.0000864      5.9815924      10.000000      5.9815924
     0.95300000      1.0000866      5.9878756      10.000000      5.9878756
     0.95400000      1.0000867      5.9941588      10.000000      5.9941588
     0.95500000      1.0000869      6.0004420      10.000000      6.0004420
     0.95600000      1.0000870      6.0067252      10.000000      6.0067252
     0.95700000      1.0000872      6.0130083      10.000000      6.0130083
     0.95800000      1.0000873      6.0192915      10.000000      6.0192915
     0.95900000      1.0000875      6.0255747      10.000000      6.0255747
     0.96000000      1.0000876      6.0318579      10.000000      6.0318579
     0.96100000      1.0000878      6.0381411      10.000000      6.0381411
     0.96200000      1.0000879      6.0444243      10.000000      6.0444243
     0.96300000      1.0000881      6.0507075      10.000000      6.0507075
     0.96400000      1.0000882      6.0569906      10.000000      6.0569906
     0.96500000      1.0000884      6.0632738      10.000000      6.0632738
     0.96600000      1.0000885      6.0695570      10.000000      6.0695570
     0.96700000      1.0000886      6.0758402      10.000000      6.0758402
     0.96800000      1.0000888      6.0821234      10.000000      6.0821234
     0.96900000      1.0000889      6.0884066      10.000000      6.0884066
     0.97000000      1.0000891      6.0946897      10.000000      6.0946897
     0.97100000      1.0000892      6.1009729      10.000000      6.1009729
     0.97200000      1.0000894      6.1072561      10.000000      6.1072561
     0.97300000      1.0000895      6.1135393      10.000000      6.1135393
     0.97400000      1.0000897      6.1198225      10.000000      6.1198225
     0.97500000      1.0000898      6.1261057      10.000000      6.1261057
     0.97600000      1.0000900      6.1323889      10.000000      6.1323889
     0.97700000      1.0000901      6.1386720      10.000000      6.1386720
     0.97800000      1.0000903      6.1449552      10.000000      6.1449552
     0.97900000      1.0000904      6.1512384      10.000000      6.1512384
     0.98000000      1.0000906      6.1575216      10.000000      6.1575216
     0.98100000      1.0000907      6.1638048      10.000000      6.1638048
     0.98200000      1.0000909      6.1700880      10.000000      6.1700880
     0.98300000      1.0000910      6.1763712      10.000000      6.1763712
     0.98400000      1.0000912      6.1826543      10.000000      6.1826543
     0.98500000      1.0000913      6.1889375      10.000000      6.1889375
     0.98600000      1.0000915      6.1952207      10.000000      6.1952207
     0.98700000      1.0000916      6.2015039      10.000000      6.2015039
     0.98800000      1.0000918      6.2077871      10.000000      6.2077871
     0.98900000      1.0000919      6.2140703      10.000000      6.2140703
     0.99000000      1.0000921      6.2203535      10.000000      6.2203535
     0.99100000      1.0000922      6.2266366      10.000000      6.2266366
     0.99200000      1.0000923      6.2329198      10.000000      6.2329198
     0.99300000      1.0000925      6.2392030      10.000000      6.2392030
     0.99400000      1.0000926      6.2454862      10.000000      6.2454862
     0.99500000      1.0000928      6.2517694      10.000000      6.2517694
     0.99600000      1.0000929      6.2580526      10.000000      6.2580526
     0.99700000      1.0000931      6.2643358      10.000000      6.2643358
     0.99800000      1.0000932      6.2706189      10.000000      6.2706189
     0.99900000      1.0000934      6.2769021      10.000000      6.2769021
      1.0000000      1.0000935      6.2831853      10.000000      6.2831853
