      0.0000000     0.21555586    -0.22804258    0.025696779     0.20085724    -0.23818928    0.051129875     0.18409755    -0.24589183    0.076038309     0.16544878    -0.25107121     0.10016649     0.14510227    -0.25367425     0.12326682     0.12326682    -0.25367425     0.14510227     0.10016649    -0.25107121     0.16544878    0.076038309    -0.24589183     0.18409755    0.051129875    -0.23818928     0.20085724    0.025696779    -0.22804258     0.21555586
    0.032258065     0.22804258     0.20085724   -0.051129875    -0.24589183    -0.16544878     0.10016649     0.25367425     0.12326682    -0.14510227    -0.25107121   -0.076038309     0.18409755     0.23818928    0.025696779    -0.21555586    -0.21555586    0.025696779     0.23818928     0.18409755   -0.076038309    -0.25107121    -0.14510227     0.12326682     0.25367425     0.10016649    -0.16544878    -0.24589183   -0.051129875     0.20085724     0.22804258
    0.064516129     0.10016649    -0.18409755     0.23818928    -0.25367425     0.22804258    -0.16544878    0.076038309    0.025696779    -0.12326682     0.20085724    -0.24589183     0.25107121    -0.21555586     0.14510227   -0.051129875   -0.051129875     0.14510227    -0.21555586     0.25107121    -0.24589183     0.20085724    -0.12326682    0.025696779    0.076038309    -0.16544878     0.22804258    -0.25367425     0.23818928    -0.18409755     0.10016649
    0.096774194     0.14510227     0.23818928     0.24589183     0.16544878    0.025696779    -0.12326682    -0.22804258    -0.25107121    -0.18409755   -0.051129875     0.10016649     0.21555586     0.25367425     0.20085724    0.076038309   -0.076038309    -0.20085724    -0.25367425    -0.21555586    -0.10016649    0.051129875     0.18409755     0.25107121     0.22804258     0.12326682   -0.025696779    -0.16544878    -0.24589183    -0.23818928    -0.14510227
     0.12903226     0.23818928    -0.16544878    -0.12326682     0.25107121   -0.051129875    -0.21555586     0.20085724    0.076038309    -0.25367425     0.10016649     0.18409755    -0.22804258   -0.025696779     0.24589183    -0.14510227    -0.14510227     0.24589183   -0.025696779    -0.22804258     0.18409755     0.10016649    -0.25367425    0.076038309     0.20085724    -0.21555586   -0.051129875     0.25107121    -0.12326682    -0.16544878     0.23818928
     0.16129032     0.23818928     0.16544878    -0.12326682    -0.25107121   -0.051129875     0.21555586     0.20085724   -0.076038309    -0.25367425    -0.10016649     0.18409755     0.22804258   -0.025696779    -0.24589183    -0.14510227     0.14510227     0.24589183    0.025696779    -0.22804258    -0.18409755     0.10016649     0.25367425    0.076038309    -0.20085724    -0.21555586    0.051129875     0.25107121     0.12326682    -0.16544878    -0.23818928
     0.19354839    0.051129875    -0.10016649     0.14510227    -0.18409755     0.21555586    -0.23818928     0.25107121    -0.25367425     0.24589183    -0.22804258     0.20085724    -0.16544878     0.12326682   -0.076038309    0.025696779    0.025696779   -0.076038309     0.12326682    -0.16544878     0.20085724    -0.22804258     0.24589183    -0.25367425     0.25107121    -0.23818928     0.21555586    -0.18409755     0.14510227    -0.10016649    0.051129875
     0.22580645    0.051129875     0.10016649     0.14510227     0.18409755     0.21555586     0.23818928     0.25107121     0.25367425     0.24589183     0.22804258     0.20085724     0.16544878     0.12326682    0.076038309    0.025696779   -0.025696779   -0.076038309    -0.12326682    -0.16544878    -0.20085724    -0.22804258    -0.24589183    -0.25367425    -0.25107121    -0.23818928    -0.21555586    -0.18409755    -0.14510227    -0.10016649   -0.051129875
     0.25806452     0.20085724    -0.24589183     0.10016649     0.12326682    -0.25107121     0.18409755    0.025696779    -0.21555586     0.23818928   -0.076038309    -0.14510227     0.25367425    -0.16544878   -0.051129875     0.22804258    -0.22804258    0.051129875     0.16544878    -0.25367425     0.14510227    0.076038309    -0.23818928     0.21555586   -0.025696779    -0.18409755     0.25107121    -0.12326682    -0.10016649     0.24589183    -0.20085724
     0.29032258     0.20085724     0.24589183     0.10016649    -0.12326682    -0.25107121    -0.18409755    0.025696779     0.21555586     0.23818928    0.076038309    -0.14510227    -0.25367425    -0.16544878    0.051129875     0.22804258     0.22804258    0.051129875    -0.16544878    -0.25367425    -0.14510227    0.076038309     0.23818928     0.21555586    0.025696779    -0.18409755    -0.25107121    -0.12326682     0.10016649     0.24589183     0.20085724
     0.32258065     0.16544878    -0.25107121     0.21555586   -0.076038309    -0.10016649     0.22804258    -0.24589183     0.14510227    0.025696779    -0.18409755     0.25367425    -0.20085724    0.051129875     0.12326682    -0.23818928     0.23818928    -0.12326682   -0.051129875     0.20085724    -0.25367425     0.18409755   -0.025696779    -0.14510227     0.24589183    -0.22804258     0.10016649    0.076038309    -0.21555586     0.25107121    -0.16544878
     0.35483871     0.16544878     0.25107121     0.21555586    0.076038309    -0.10016649    -0.22804258    -0.24589183    -0.14510227    0.025696779     0.18409755     0.25367425     0.20085724    0.051129875    -0.12326682    -0.23818928    -0.23818928    -0.12326682    0.051129875     0.20085724     0.25367425     0.18409755    0.025696779    -0.14510227    -0.24589183    -0.22804258    -0.10016649    0.076038309     0.21555586     0.25107121     0.16544878
     0.38709677     0.25367425   -0.025696779    -0.25107121    0.051129875     0.24589183   -0.076038309    -0.23818928     0.10016649     0.22804258    -0.12326682    -0.21555586     0.14510227     0.20085724    -0.16544878    -0.18409755     0.18409755     0.16544878    -0.20085724    -0.14510227     0.21555586     0.12326682    -0.22804258    -0.10016649     0.23818928    0.076038309    -0.24589183   -0.051129875     0.25107121    0.025696779    -0.25367425
     0.41935484     0.25367425    0.025696779    -0.25107121   -0.051129875     0.24589183    0.076038309    -0.23818928    -0.10016649     0.22804258     0.12326682    -0.21555586    -0.14510227     0.20085724     0.16544878    -0.18409755    -0.18409755     0.16544878     0.20085724    -0.14510227    -0.21555586     0.12326682     0.22804258    -0.10016649    -0.23818928    0.076038309     0.24589183   -0.051129875    -0.25107121    0.025696779     0.25367425
     0.45161290     0.14510227    -0.23818928     0.24589183    -0.16544878    0.025696779     0.12326682    -0.22804258     0.25107121    -0.18409755    0.051129875     0.10016649    -0.21555586     0.25367425    -0.20085724    0.076038309    0.076038309    -0.20085724     0.25367425    -0.21555586     0.10016649    0.051129875    -0.18409755     0.25107121    -0.22804258     0.12326682    0.025696779    -0.16544878     0.24589183    -0.23818928     0.14510227
     0.48387097    0.025696779    0.051129875    0.076038309     0.10016649     0.12326682     0.14510227     0.16544878     0.18409755     0.20085724     0.21555586     0.22804258     0.23818928     0.24589183     0.25107121     0.25367425     0.25367425     0.25107121     0.24589183     0.23818928     0.22804258     0.21555586     0.20085724     0.18409755     0.16544878     0.14510227     0.12326682     0.10016649    0.076038309    0.051129875    0.025696779
     0.51612903     0.22804258    -0.20085724   -0.051129875     0.24589183    -0.16544878    -0.10016649     0.25367425    -0.12326682    -0.14510227     0.25107121   -0.076038309    -0.18409755     0.23818928   -0.025696779    -0.21555586     0.21555586    0.025696779    -0.23818928     0.18409755    0.076038309    -0.25107121     0.14510227     0.12326682    -0.25367425     0.10016649     0.16544878    -0.24589183    0.051129875     0.20085724    -0.22804258
     0.54838710    -0.21555586    -0.22804258   -0.025696779     0.20085724     0.23818928    0.051129875    -0.18409755    -0.24589183   -0.076038309     0.16544878     0.25107121     0.10016649    -0.14510227    -0.25367425    -0.12326682     0.12326682     0.25367425     0.14510227    -0.10016649    -0.25107121    -0.16544878    0.076038309     0.24589183     0.18409755   -0.051129875    -0.23818928    -0.20085724    0.025696779     0.22804258     0.21555586
     0.58064516    0.025696779   -0.051129875    0.076038309    -0.10016649     0.12326682    -0.14510227     0.16544878    -0.18409755     0.20085724    -0.21555586     0.22804258    -0.23818928     0.24589183    -0.25107121     0.25367425    -0.25367425     0.25107121    -0.24589183     0.23818928    -0.22804258     0.21555586    -0.20085724     0.18409755    -0.16544878     0.14510227    -0.12326682     0.10016649   -0.076038309    0.051129875   -0.025696779
     0.61290323     0.10016649     0.18409755     0.23818928     0.25367425     0.22804258     0.16544878    0.076038309   -0.025696779    -0.12326682    -0.20085724    -0.24589183    -0.25107121    -0.21555586    -0.14510227   -0.051129875    0.051129875     0.14510227     0.21555586     0.25107121     0.24589183     0.20085724     0.12326682    0.025696779   -0.076038309    -0.16544878    -0.22804258    -0.25367425    -0.23818928    -0.18409755    -0.10016649
     0.64516129    -0.25107121    0.076038309     0.22804258    -0.14510227    -0.18409755     0.20085724     0.12326682    -0.23818928   -0.051129875     0.25367425   -0.025696779    -0.24589183     0.10016649     0.21555586    -0.16544878    -0.16544878     0.21555586     0.10016649    -0.24589183   -0.025696779     0.25367425   -0.051129875    -0.23818928     0.12326682     0.20085724    -0.18409755    -0.14510227     0.22804258    0.076038309    -0.25107121
     0.67741935    -0.25107121   -0.076038309     0.22804258     0.14510227    -0.18409755    -0.20085724     0.12326682     0.23818928   -0.051129875    -0.25367425   -0.025696779     0.24589183     0.10016649    -0.21555586    -0.16544878     0.16544878     0.21555586    -0.10016649    -0.24589183    0.025696779     0.25367425    0.051129875    -0.23818928    -0.12326682     0.20085724     0.18409755    -0.14510227    -0.22804258    0.076038309     0.25107121
     0.70967742    0.076038309    -0.14510227     0.20085724    -0.23818928     0.25367425    -0.24589183     0.21555586    -0.16544878     0.10016649   -0.025696779   -0.051129875     0.12326682    -0.18409755     0.22804258    -0.25107121     0.25107121    -0.22804258     0.18409755    -0.12326682    0.051129875    0.025696779    -0.10016649     0.16544878    -0.21555586     0.24589183    -0.25367425     0.23818928    -0.20085724     0.14510227   -0.076038309
     0.74193548    0.076038309     0.14510227     0.20085724     0.23818928     0.25367425     0.24589183     0.21555586     0.16544878     0.10016649    0.025696779   -0.051129875    -0.12326682    -0.18409755    -0.22804258    -0.25107121    -0.25107121    -0.22804258    -0.18409755    -0.12326682   -0.051129875    0.025696779     0.10016649     0.16544878     0.21555586     0.24589183     0.25367425     0.23818928     0.20085724     0.14510227    0.076038309
     0.77419355     0.24589183    -0.12326682    -0.18409755     0.21555586    0.076038309    -0.25367425    0.051129875     0.22804258    -0.16544878    -0.14510227     0.23818928    0.025696779    -0.25107121     0.10016649     0.20085724    -0.20085724    -0.10016649     0.25107121   -0.025696779    -0.23818928     0.14510227     0.16544878    -0.22804258   -0.051129875     0.25367425   -0.076038309    -0.21555586     0.18409755     0.12326682    -0.24589183
     0.80645161     0.24589183     0.12326682    -0.18409755    -0.21555586    0.076038309     0.25367425    0.051129875    -0.22804258    -0.16544878     0.14510227     0.23818928   -0.025696779    -0.25107121    -0.10016649     0.20085724     0.20085724    -0.10016649    -0.25107121   -0.025696779     0.23818928     0.14510227    -0.16544878    -0.22804258    0.051129875     0.25367425    0.076038309    -0.21555586    -0.18409755     0.12326682     0.24589183
     0.83870968     0.12326682    -0.21555586     0.25367425    -0.22804258     0.14510227   -0.025696779    -0.10016649     0.20085724    -0.25107121     0.23818928    -0.16544878    0.051129875    0.076038309    -0.18409755     0.24589183    -0.24589183     0.18409755   -0.076038309   -0.051129875     0.16544878    -0.23818928     0.25107121    -0.20085724     0.10016649    0.025696779    -0.14510227     0.22804258    -0.25367425     0.21555586    -0.12326682
     0.87096774     0.12326682     0.21555586     0.25367425     0.22804258     0.14510227    0.025696779    -0.10016649    -0.20085724    -0.25107121    -0.23818928    -0.16544878   -0.051129875    0.076038309     0.18409755     0.24589183     0.24589183     0.18409755    0.076038309   -0.051129875    -0.16544878    -0.23818928    -0.25107121    -0.20085724    -0.10016649    0.025696779     0.14510227     0.22804258     0.25367425     0.21555586     0.12326682
     0.90322581    -0.18409755     0.25367425    -0.16544878   -0.025696779     0.20085724    -0.25107121     0.14510227    0.051129875    -0.21555586     0.24589183    -0.12326682   -0.076038309     0.22804258    -0.23818928     0.10016649     0.10016649    -0.23818928     0.22804258   -0.076038309    -0.12326682     0.24589183    -0.21555586    0.051129875     0.14510227    -0.25107121     0.20085724   -0.025696779    -0.16544878     0.25367425    -0.18409755
     0.93548387    -0.18409755    -0.25367425    -0.16544878    0.025696779     0.20085724     0.25107121     0.14510227   -0.051129875    -0.21555586    -0.24589183    -0.12326682    0.076038309     0.22804258     0.23818928     0.10016649    -0.10016649    -0.23818928    -0.22804258   -0.076038309     0.12326682     0.24589183     0.21555586    0.051129875    -0.14510227    -0.25107121    -0.20085724   -0.025696779     0.16544878     0.25367425     0.18409755
