      0.0000000    0.046286689
    0.099009901   -0.063934536
     0.19801980     0.49218115
     0.29702970    -0.21025126
     0.39603960    -0.28741797
     0.49504950    -0.35149401
     0.59405941     0.31789692
     0.69306931   -0.082137971
     0.79207921     0.14840728
     0.89108911    -0.32428201
     0.99009901    -0.27138578
      1.0891089 -0.00040230499
      1.1881188    0.084395596
      1.2871287    0.018015600
      1.3861386    -0.29354426
      1.4851485 -4.4991079E-06
      1.5841584     0.21060330
      1.6831683 -3.8650625E-07
      1.7821782    -0.23355475
      1.8811881 -1.9933893E-09
      1.9801980   0.0029817763
      2.0792079 -6.8039329E-12
      2.1782178  4.5820547E-05
      2.2772277 -1.4201659E-14
      2.3762376 -2.9377663E-08
      2.4752475 -6.9371525E-14
      2.5742574 -1.2167476E-10
      2.6732673 -1.3320401E-15
      2.7722772 -3.4195993E-13
      2.8712871 -2.1327150E-14
      2.9702970  2.7403373E-14
      3.0693069 -5.1812966E-16
      3.1683168  1.4847637E-14
      3.2673267  1.4726430E-14
      3.3663366  3.8382002E-14
      3.4653465 -6.9976338E-16
      3.5643564 -3.1158010E-18
      3.6633663  8.9081114E-15
      3.7623762 -5.5913874E-18
      3.8613861  3.0895296E-14
      3.9603960  1.2459706E-15
      4.0594059 -4.6743083E-15
      4.1584158 -5.1541112E-16
      4.2574257 -7.3968036E-15
      4.3564356 -7.6189962E-15
      4.4554455 -8.3141417E-15
      4.5544554 -5.7909691E-15
      4.6534653  1.8857127E-15
      4.7524752  3.3272982E-16
      4.8514851  1.2374504E-16
      4.9504950 -5.7974726E-16
      5.0495050 -1.1361051E-17
      5.1485149 -2.6080072E-18
      5.2475248 -1.6375221E-19
      5.3465347  5.1044368E-19
      5.4455446 -2.4333399E-20
      5.5445545 -2.4355835E-21
      5.6435644 -9.9588150E-22
      5.7425743  2.5074767E-21
      5.8415842 -1.1175942E-20
      5.9405941 -3.4569229E-23
      6.0396040 -7.8053530E-15
      6.1386139 -5.7941043E-23
      6.2376238 -7.2590525E-15
      6.3366337  3.5194867E-15
      6.4356436  3.9635563E-15
      6.5346535 -5.6175271E-15
      6.6336634  1.1063119E-15
      6.7326733  1.8993881E-15
      6.8316832 -2.1879445E-15
      6.9306931  3.0602068E-16
      7.0297030  2.2744817E-16
      7.1287129 -4.4386854E-16
      7.2277228 -4.1667322E-17
      7.3267327  3.7480710E-17
      7.4257426  2.5055396E-17
      7.5247525  2.8896896E-18
      7.6237624 -3.9816686E-18
      7.7227723  2.4305662E-18
      7.8217822  6.1092702E-19
      7.9207921  3.1812985E-19
      8.0198020 -3.6723894E-20
      8.1188119  2.8709909E-20
      8.2178218 -4.2049524E-21
      8.3168317 -2.3807307E-21
      8.4158416 -8.3092791E-22
      8.5148515 -1.1516481E-21
      8.6138614 -4.5011523E-22
      8.7128713 -2.5077194E-22
      8.8118812 -1.7431715E-22
      8.9108911  5.7896221E-23
      9.0099010 -3.6117559E-23
      9.1089109  1.0625753E-23
      9.2079208 -4.3330091E-24
      9.3069307  1.2317816E-24
      9.4059406 -8.7144344E-25
      9.5049505  1.1129830E-25
      9.6039604 -1.4650547E-25
      9.7029703  2.4755662E-26
      9.8019802 -3.7649952E-27
