      0.0000000      0.0000000      0.0000000
    0.024937656    0.019946527  1.2953560E-07
    0.049875312    0.060404893  0.00034627310
    0.074812968    0.041801450  0.00069660465
    0.099750623   -0.070220724   0.0010524660
     0.12468828   -0.068642215   0.0014144949
     0.14962594 -0.00090928845   0.0017830493
     0.17456359   -0.013414797   0.0021583472
     0.19950125    0.070499012   0.0025405267
     0.22443890  -0.0062415671   0.0029296750
     0.24937656   -0.028303006   0.0033258452
     0.27431421    0.056396377   0.0037290655
     0.29925187   -0.069834486   0.0041393455
     0.32418953    0.070401133   0.0045566802
     0.34912718    0.046206054   0.0049810531
     0.37406484    0.026268927   0.0054124375
     0.39900249   -0.065847479   0.0058507987
     0.42394015    0.065315276   0.0062960943
     0.44887781  -0.0060644818   0.0067482758
     0.47381546   -0.070314495   0.0072072887
     0.49875312    0.017453388   0.0076730731
     0.52369077   -0.032206337   0.0081455641
     0.54862843   -0.044775958   0.0086246926
     0.57356608   -0.014176623   0.0091103847
     0.59850374   -0.070489232   0.0096025628
     0.62344140    0.068851009    0.010101145
     0.64837905   -0.065179518    0.010606046
     0.67331671   -0.068571713    0.011117177
     0.69825436   -0.034359157    0.011634445
     0.72319202   0.0070219223    0.012157755
     0.74812968    0.063890369    0.012687008
     0.77306733    0.012148270    0.013222102
     0.79800499    0.055381284    0.013762931
     0.82294264   -0.038880917    0.014309387
     0.84788030   -0.038582924    0.014861361
     0.87281796    0.016658429    0.015418737
     0.89775561    0.066599371    0.015981400
     0.92269327   -0.068128055    0.016549231
     0.94763092   -0.063618073    0.017122108
     0.97256858   -0.040464383    0.017699907
     0.99750623    0.068910683    0.018282501
      1.0224439   -0.062866603    0.018869763
      1.0473815    0.031974461    0.019461560
      1.0723192    0.031978315    0.020057759
      1.0972569   -0.065132315    0.020658225
      1.1221945    0.067631614    0.021262821
      1.1471322    0.057968095    0.021871406
      1.1720698   -0.067013756    0.022483839
      1.1970075   -0.026626384    0.023099977
      1.2219451   -0.053609933    0.023719674
      1.2468828   -0.030938932    0.024342782
      1.2718204   -0.025980255    0.024969154
      1.2967581   -0.050910628    0.025598639
      1.3216958    0.047132395    0.026231085
      1.3466334    0.066811201    0.026866338
      1.3715711    0.055504481    0.027504242
      1.3965087   -0.057154889    0.028144643
      1.4214464   -0.048737176    0.028787382
      1.4463840    0.064017410    0.029432300
      1.4713217    0.012922455    0.030079237
      1.4962594   -0.040870950    0.030728032
      1.5211970    0.058457591    0.031378522
      1.5461347    0.066749667    0.032030545
      1.5710723    0.046927814    0.032683937
      1.5960100    0.023903440    0.033338531
      1.6209476    0.061670063    0.033994163
      1.6458853   -0.014859226    0.034650667
      1.6708229   -0.034729571    0.035307874
      1.6957606    0.062985508    0.035965618
      1.7206983   -0.048967266    0.036623731
      1.7456359    0.037901161    0.037282043
      1.7705736    0.069987934    0.037940387
      1.7955112    0.062644726    0.038598592
      1.8204489   -0.050895803    0.039256490
      1.8453865   -0.033402746    0.039913912
      1.8703242    0.025317331    0.040570687
      1.8952618   -0.021243715    0.041226645
      1.9201995   -0.010309941    0.041881619
      1.9451372    0.035616098    0.042535438
      1.9700748    0.029666756    0.043187932
      1.9950125   -0.067721050    0.043838934
      2.0199501   -0.016732643    0.044488275
      2.0448878   -0.024914288    0.045135786
      2.0698254    0.034335781    0.045781300
      2.0947631 -0.00063779207    0.046424650
      2.1197007    0.070043645    0.047065669
      2.1446384   -0.028862200    0.047704191
      2.1695761   -0.069940483    0.048340053
      2.1945137   -0.035953452    0.048973088
      2.2194514    0.034722319    0.049603134
      2.2443890    0.058846548    0.050230029
      2.2693267   -0.033257259    0.050853610
      2.2942643    0.055980878    0.051473719
      2.3192020   -0.051865367    0.052090194
      2.3441397   -0.036738113    0.052702879
      2.3690773   -0.038724072    0.053311616
      2.3940150   -0.016592857    0.053916250
      2.4189526   -0.070357932    0.054516627
      2.4438903    0.021257107    0.055112594
      2.4688279   -0.065777256    0.055704000
      2.4937656    0.028541018    0.056290696
      2.5187032    0.015704828    0.056872532
      2.5436409    0.067205575    0.057449363
      2.5685786   -0.040688098    0.058021044
      2.5935162    0.066820528    0.058587432
      2.6184539    0.042023384    0.059148385
      2.6433915   -0.046959842    0.059703766
      2.6683292    0.060998686    0.060253435
      2.6932668   -0.070688855    0.060797258
      2.7182045   -0.068977450    0.061335102
      2.7431421    0.062873188    0.061866834
      2.7680798   -0.052636964    0.062392326
      2.7930175    0.070649842    0.062911451
      2.8179551  -0.0066210958    0.063424083
      2.8428928    0.049043200    0.063930100
      2.8678304   0.0023539886    0.064429382
      2.8927681   -0.063570893    0.064921811
      2.9177057   -0.059234151    0.065407270
      2.9426434   -0.070645969    0.065885646
      2.9675810    0.068310412    0.066356829
      2.9925187   -0.069508611    0.066820710
      3.0174564    0.069519058    0.067277183
      3.0423940    0.070004509    0.067726144
      3.0673317    0.015734508    0.068167493
      3.0922693   -0.027367746    0.068601132
      3.1172070    0.015617994    0.069026964
      3.1421446   -0.045555698    0.069444897
      3.1670823   -0.022155501    0.069854840
      3.1920200    0.068233770    0.070256705
      3.2169576  -0.0042506366    0.070650409
      3.2418953   -0.053560196    0.071035867
      3.2668329   -0.061541538    0.071413002
      3.2917706    0.048970938    0.071781736
      3.3167082   -0.069740617    0.072141995
      3.3416459    0.052100777    0.072493709
      3.3665835    0.060276344    0.072836808
      3.3915212   -0.069535312    0.073171229
      3.4164589    0.044624938    0.073496907
      3.4413965 -2.9242654E-05    0.073813784
      3.4663342   -0.056071821    0.074121803
      3.4912718    0.044158564    0.074420909
      3.5162095   -0.054763841    0.074711052
      3.5411471   -0.040968737    0.074992183
      3.5660848    0.054365541    0.075264258
      3.5910224  -0.0071398795    0.075527234
      3.6159601    0.037541717    0.075781071
      3.6408978   -0.022259527    0.076025734
      3.6658354    0.064027650    0.076261188
      3.6907731    0.063866879    0.076487402
      3.7157107    0.044608847    0.076704349
      3.7406484   -0.066244076    0.076912005
      3.7655860    0.066154475    0.077110346
      3.7905237   -0.050013019    0.077299354
      3.8154613    0.058449361    0.077479012
      3.8403990   -0.041996897    0.077649308
      3.8653367    0.046856227    0.077810230
      3.8902743    0.033620997    0.077961771
      3.9152120   -0.036777515    0.078103926
      3.9401496   -0.021863265    0.078236692
      3.9650873   -0.048246808    0.078360071
      3.9900249   -0.063908023    0.078474066
      4.0149626    0.012040942    0.078578683
      4.0399002   -0.070534422    0.078673931
      4.0648379   -0.050331358    0.078759822
      4.0897756    0.070700710    0.078836371
      4.1147132   -0.034394907    0.078903594
      4.1396509   -0.039948200    0.078961510
      4.1645885   -0.070545684    0.079010144
      4.1895262    0.039460488    0.079049518
      4.2144638   -0.019081690    0.079079662
      4.2394015   0.0073045963    0.079100604
      4.2643392   -0.052271095    0.079112379
      4.2892768   0.0018512268    0.079115019
      4.3142145   -0.057405436    0.079108565
      4.3391521    0.079093054    0.079093054
      4.3640898   -0.068484354    0.079068530
      4.3890274   -0.070177785    0.079035038
      4.4139651   -0.048166542    0.078992624
      4.4389027   -0.056561097    0.078941338
      4.4638404    0.057074748    0.078881232
      4.4887781   -0.064858156    0.078812359
      4.5137157   -0.019335734    0.078734776
      4.5386534    0.034223371    0.078648540
      4.5635910   -0.057581052    0.078553713
      4.5885287   -0.067497379    0.078450356
      4.6134663  -0.0071549568    0.078338534
      4.6384040   -0.025757277    0.078218314
      4.6633416    0.033515793    0.078089763
      4.6882793   -0.016414836    0.077952953
      4.7132170   -0.065647305    0.077807956
      4.7381546    0.057665142    0.077654845
      4.7630923    0.046167738    0.077493696
      4.7880299    0.069783742    0.077324588
      4.8129676   -0.070657310    0.077147599
      4.8379052   -0.065224113    0.076962810
      4.8628429   -0.062708209    0.076770305
      4.8877805    0.060124162    0.076570166
      4.9127182   -0.011165862    0.076362481
      4.9376559   -0.024051619    0.076147335
      4.9625935    0.037759550    0.075924818
      4.9875312   -0.038787724    0.075695020
      5.0124688  -0.0032776119    0.075458033
      5.0374065   -0.030704749    0.075213948
      5.0623441   -0.061293187    0.074962861
      5.0872818  -0.0085134658    0.074704865
      5.1122195    0.069402339    0.074440058
      5.1371571    0.050913936    0.074168537
      5.1620948    0.040052117    0.073890401
      5.1870324    0.070692270    0.073605749
      5.2119701    0.055305426    0.073314682
      5.2369077    0.047058560    0.073017301
      5.2618454   0.0091196470    0.072713709
      5.2867830   -0.068226708    0.072404009
      5.3117207    0.070569119    0.072088305
      5.3366584   -0.024408777    0.071766703
      5.3615960   -0.062395417    0.071439307
      5.3865337   -0.030306346    0.071106224
      5.4114713    0.039980120    0.070767561
      5.4364090    0.012072516    0.070423425
      5.4613466  -0.0043300358    0.070073924
      5.4862843    0.058972256    0.069719167
      5.5112219    0.071295976    0.069359262
      5.5361596  -0.0099775088    0.068994319
      5.5610973   -0.053575136    0.068624447
      5.5860349  -0.0057774038    0.068249757
      5.6109726   -0.026499719    0.067870359
      5.6359102   -0.067435565    0.067486362
      5.6608479   -0.066866066    0.067097878
      5.6857855   -0.024264607    0.066705018
      5.7107232   -0.050814771    0.066307892
      5.7356608   -0.068243810    0.065906611
      5.7605985   -0.069362917    0.065501286
      5.7855362   -0.046598195    0.065092029
      5.8104738   -0.061757217    0.064678949
      5.8354115   -0.070290146    0.064262158
      5.8603491   -0.063956574    0.063841767
      5.8852868    0.035586225    0.063417884
      5.9102244   -0.028324051    0.062990622
      5.9351621    0.062695201    0.062560090
      5.9600998    0.024835118    0.062126396
      5.9850374   -0.053561519    0.061689652
      6.0099751  -0.0044548457    0.061249965
      6.0349127   -0.060178102    0.060807444
      6.0598504    0.044715603    0.060362197
      6.0847880  -0.0043503251    0.059914332
      6.1097257    0.044589866    0.059463955
      6.1346633   -0.022095600    0.059011174
      6.1596010   -0.036666723    0.058556094
      6.1845387   -0.053250712    0.058098821
      6.2094763    0.070697009    0.057639459
      6.2344140    0.021338702    0.057178112
      6.2593516   -0.022130879    0.056714884
      6.2842893   -0.061270886    0.056249877
      6.3092269    0.047457029    0.055783194
      6.3341646   -0.031877611    0.055314934
      6.3591022   -0.067442078    0.054845199
      6.3840399   -0.064314071    0.054374087
      6.4089776   -0.042285364    0.053901697
      6.4339152  -0.0016435231    0.053428128
      6.4588529  -0.0089831848    0.052953475
      6.4837905    0.031660273    0.052477834
      6.5087282    0.069445422    0.052001300
      6.5336658    0.059990768    0.051523967
      6.5586035    0.070616364    0.051045927
      6.5835411    0.070675882    0.050567273
      6.6084788   -0.068512684    0.050088095
      6.6334165   -0.056110696    0.049608482
      6.6583541    0.038466578    0.049128524
      6.6832918   -0.069587709    0.048648306
      6.7082294   0.0096012937    0.048167917
      6.7331671    0.058018043    0.047687440
      6.7581047   -0.014751111    0.047206959
      6.7830424   -0.049453560    0.046726558
      6.8079800    0.067763371    0.046246318
      6.8329177    0.061346349    0.045766319
      6.8578554    0.068939782    0.045286640
      6.8827930   -0.014436309    0.044807359
      6.9077307   0.0092594550    0.044328553
      6.9326683    0.070724668    0.043850296
      6.9576060   -0.051792340    0.043372663
      6.9825436   -0.059117418    0.042895727
      7.0074813    0.059776645    0.042419559
      7.0324190    0.042751455    0.041944228
      7.0573566    0.054200228    0.041469804
      7.0822943   -0.070229189    0.040996355
      7.1072319    0.057842570    0.040523945
      7.1321696   -0.026827502    0.040052640
      7.1571072   -0.061749455    0.039582504
      7.1820449    0.067836939    0.039113597
      7.2069825    0.065799966    0.038645982
      7.2319202    0.026910970    0.038179716
      7.2568579   -0.029343436    0.037714859
      7.2817955   -0.048590073    0.037251465
      7.3067332    0.017385718    0.036789591
      7.3316708   -0.055048389    0.036329290
      7.3566085   -0.069105497    0.035870614
      7.3815461   0.0069386919    0.035413615
      7.4064838    0.067451002    0.034958341
      7.4314214   0.0026932508    0.034504841
      7.4563591   -0.042391852    0.034053161
      7.4812968   -0.068839508    0.033603347
      7.5062344   0.0093899608    0.033155443
      7.5311721    0.018637351    0.032709490
      7.5561097    0.059812714    0.032265531
      7.5810474    0.065453717    0.031823604
      7.6059850   -0.068206519    0.031383748
      7.6309227   -0.070728719    0.030946000
      7.6558603   -0.029217586    0.030510395
      7.6807980   -0.048388604    0.030076968
      7.7057357   -0.070632794    0.029645750
      7.7306733   -0.013223405    0.029216774
      7.7556110    0.018719345    0.028790069
      7.7805486   -0.069680901    0.028365664
      7.8054863    0.064699637    0.027943585
      7.8304239   -0.046452268    0.027523859
      7.8553616   -0.069980684    0.027106511
      7.8802993    0.065752428    0.026691562
      7.9052369   -0.050007939    0.026279035
      7.9301746    0.018897496    0.025868951
      7.9551122   0.0033457728    0.025461327
      7.9800499    0.022655107    0.025056183
      8.0049875    0.016461063    0.024653534
      8.0299252    0.064315522    0.024253395
      8.0548628    0.052364470    0.023855780
      8.0798005    0.067705497    0.023460701
      8.1047382    0.066135244    0.023068170
      8.1296758  -0.0046729286    0.022678197
      8.1546135   -0.011052973    0.022290789
      8.1795511    0.021607880    0.021905954
      8.2044888   -0.069834865    0.021523699
      8.2294264   -0.065765199    0.021144027
      8.2543641    0.058768526    0.020766942
      8.2793017   -0.070452827    0.020392447
      8.3042394   -0.069464013    0.020020542
      8.3291771   -0.015707384    0.019651228
      8.3541147   -0.060336791    0.019284502
      8.3790524   0.0029887102    0.018920362
      8.4039900    0.070209560    0.018558804
      8.4289277    0.066318210    0.018199823
      8.4538653    0.019315795    0.017843413
      8.4788030   -0.023986866    0.017489566
      8.5037406   -0.069081526    0.017138273
      8.5286783    0.069984789    0.016789524
      8.5536160   0.0097714454    0.016443309
      8.5785536   -0.068724058    0.016099616
      8.6034913   -0.043091211    0.015758430
      8.6284289   -0.070685150    0.015419738
      8.6533666   -0.031857989    0.015083524
      8.6783042   -0.042298275    0.014749771
      8.7032419    0.051830281    0.014418462
      8.7281796   -0.053168023    0.014089577
      8.7531172    0.013771064    0.013763096
      8.7780549   -0.055276677    0.013438998
      8.8029925    0.054287647    0.013117261
      8.8279302    0.044418386    0.012797862
      8.8528678   -0.036071456    0.012480775
      8.8778055   0.0040291103    0.012165976
      8.9027431    0.027180520    0.011853437
      8.9276808    0.061261979    0.011543131
      8.9526185   -0.058313300    0.011235030
      8.9775561   -0.042617756    0.010929103
      9.0024938   -0.013672709    0.010625319
      9.0274314    0.067585164    0.010323647
      9.0523691  -0.0061963515    0.010024054
      9.0773067   -0.050101434   0.0097265042
      9.1022444    0.019637416   0.0094309639
      9.1271820  -0.0021957471   0.0091373964
      9.1521197   -0.070323820   0.0088457646
      9.1770574    0.059514964   0.0085560300
      9.2019950    0.050236490   0.0082681532
      9.2269327   -0.070323323   0.0079820939
      9.2518703  -0.0015480393   0.0076978104
      9.2768080   -0.064963462   0.0074152602
      9.3017456    0.036316544   0.0071343996
      9.3266833    0.032603627   0.0068551840
      9.3516209    0.045149848   0.0065775674
      9.3765586   -0.012056621   0.0063015031
      9.4014963   -0.056021886   0.0060269431
      9.4264339   -0.049913986   0.0057538382
      9.4513716   -0.011905631   0.0054821385
      9.4763092   -0.070662914   0.0052117926
      9.5012469   -0.052052409   0.0049427481
      9.5261845   -0.040181964   0.0046749516
      9.5511222   -0.030982909   0.0044083485
      9.5760599   -0.030808473   0.0041428829
      9.6009975   -0.061229379   0.0038784980
      9.6259352   -0.064301781   0.0036151357
      9.6508728   0.0014104422   0.0033527367
      9.6758105   -0.054109024   0.0030912406
      9.7007481   -0.062740278   0.0028305857
      9.7256858    0.037142961   0.0025707090
      9.7506234   -0.043114348   0.0023115466
      9.7755611   -0.067384087   0.0020530329
      9.8004988    0.023791791   0.0017951013
      9.8254364   -0.056852571   0.0015376838
      9.8503741    0.019448287   0.0012807112
      9.8753117    0.029928999   0.0010241128
      9.9002494   -0.070342228  0.00076781657
      9.9251870   -0.047372664  0.00051174915
      9.9501247   -0.064737021  0.00025583571
