      0.0000000      0.0000000      0.0000000
    0.024937656    0.067945685  5.8099559E-06
    0.049875312   -0.019243157   0.0031101202
    0.074812968   -0.067810163   0.0062473804
    0.099750623   -0.020757739   0.0094248683
     0.12468828   -0.040798482    0.012643471
     0.14962594    0.072343134    0.015901485
     0.17456359   -0.066973236    0.019195884
     0.19950125   -0.070708193    0.022522854
     0.22443890    0.020840454    0.025878077
     0.24937656    0.068642954    0.029256885
     0.27431421   -0.065272023    0.032654356
     0.29925187    0.046225415    0.036065388
     0.32418953   -0.054114159    0.039484745
     0.34912718    0.027545122    0.042907095
     0.37406484   -0.061093854    0.046327041
     0.39900249   -0.068249104    0.049739152
     0.42394015   -0.069361465    0.053137979
     0.44887781   -0.029377831    0.056518082
     0.47381546   -0.020666896    0.059874046
     0.49875312    0.063686806    0.063200502
     0.52369077  -0.0031246095    0.066492139
     0.54862843   -0.070775928    0.069743721
     0.57356608    0.066635372    0.072950107
     0.59850374    0.037315691    0.076106257
     0.62344140   -0.011150431    0.079207251
     0.64837905   -0.061621543    0.082248301
     0.67331671    0.024525479    0.085224761
     0.69825436   -0.070462119    0.088132139
     0.72319202  -0.0078714811    0.090966109
     0.74812968    0.018028264    0.093722519
     0.77306733   -0.062812874    0.096397402
     0.79800499    0.062595060    0.098986984
     0.82294264   -0.062834374     0.10148769
     0.84788030   -0.073944349     0.10389615
     0.87281796   -0.069747011     0.10620922
     0.89775561   -0.041908739     0.10842396
     0.92269327     0.11053767     0.11053767
     0.94763092    0.043005920     0.11254787
     0.97256858   -0.035545716     0.11445230
     0.99750623   -0.040243184     0.11624897
      1.0224439   -0.014968644     0.11793609
      1.0473815   -0.032801181     0.11951212
      1.0723192   0.0061214219     0.12097578
      1.0972569   -0.061169397     0.12232601
      1.1221945    0.043744450     0.12356198
      1.1471322    0.035531877     0.12468310
      1.1720698   0.0069526060     0.12568904
      1.1970075    0.050805243     0.12657966
      1.2219451  -0.0079252103     0.12735509
      1.2468828   -0.038027259     0.12801564
      1.2718204   -0.035683736     0.12856188
      1.2967581    0.015564332     0.12899457
      1.3216958    0.099807532     0.12931469
      1.3466334    0.070079478     0.12952340
      1.3715711   -0.061161621     0.12962209
      1.3965087    0.052656272     0.12961230
      1.4214464   -0.059743009     0.12949579
      1.4463840    0.021123442     0.12927447
      1.4713217   -0.058053496     0.12895041
      1.4962594    0.011848006     0.12852585
      1.5211970   -0.082993608     0.12800317
      1.5461347   -0.068235013     0.12738490
      1.5710723    0.037485913     0.12667368
      1.5960100    0.045104140     0.12587230
      1.6209476   -0.022245455     0.12498362
      1.6458853   -0.018479282     0.12401064
      1.6708229   -0.031594561     0.12295643
      1.6957606    0.047955447     0.12182416
      1.7206983   -0.044903885     0.12061705
      1.7456359   -0.069083037     0.11933841
      1.7705736    0.067451418     0.11799157
      1.7955112   -0.063347842     0.11657994
      1.8204489   -0.036778837     0.11510694
      1.8453865    0.065324805     0.11357604
      1.8703242   -0.054728683     0.11199070
      1.8952618    0.070142765     0.11035441
      1.9201995    0.040511182     0.10867066
      1.9451372   -0.063774604     0.10694291
      1.9700748    0.068129691     0.10517464
      1.9950125   -0.066399337     0.10336928
      2.0199501    0.067136942     0.10153023
      2.0448878    0.018807236    0.099660860
      2.0698254  -0.0088536026    0.097764504
      2.0947631  -0.0088463615    0.095844433
      2.1197007   -0.051466246    0.093903864
      2.1446384   -0.053216305    0.091945954
      2.1695761    0.022127424    0.089973791
      2.1945137    0.064687415    0.087990389
      2.2194514   -0.070761335    0.085998689
      2.2443890    0.051143595    0.084001548
      2.2693267    0.062878660    0.082001737
      2.2942643    0.042170729    0.080001942
      2.3192020    0.060788548    0.078004753
      2.3441397    -0.10090888    0.076012670
      2.3690773    0.056563354    0.074028094
      2.3940150  -0.0079220263    0.072053328
      2.4189526   -0.060365440    0.070090573
      2.4438903   -0.044895857    0.068141932
      2.4688279    0.041302998    0.066209402
      2.4937656    0.070255213    0.064294879
      2.5187032    0.066348926    0.062400153
      2.5436409    0.056143137    0.060526913
      2.5685786   -0.064359765    0.058676744
      2.5935162   -0.053265016    0.056851126
      2.6184539    0.065341748    0.055051440
      2.6433915   -0.035254432    0.053278963
      2.6683292    0.033886091    0.051534873
      2.6932668   -0.028521249    0.049820252
      2.7182045   -0.070267401    0.048136082
      2.7431421    0.026035347    0.046483252
      2.7680798   -0.031340980    0.044862557
      2.7930175    0.070218565    0.043274702
      2.8179551    0.031469558    0.041720306
      2.8428928  -0.0016965253    0.040199897
      2.8678304   -0.046318696    0.038713926
      2.8927681    0.068562331    0.037262760
      2.9177057   0.0063169369    0.035846688
      2.9426434   -0.064995971    0.034465926
      2.9675810   -0.033006488    0.033120619
      2.9925187   -0.036324079    0.031810841
      3.0174564    0.067930216    0.030536602
      3.0423940   -0.054969566    0.029297849
      3.0673317   -0.054346176    0.028094470
      3.0922693   -0.038401422    0.026926295
      3.1172070    0.019614011    0.025793104
      3.1421446   -0.060878293    0.024694625
      3.1670823    0.036118250    0.023630538
      3.1920200    0.067521155    0.022600481
      3.2169576   -0.063712414    0.021604050
      3.2418953    0.058674942    0.020640804
      3.2668329    0.070277932    0.019710266
      3.2917706   0.0048594680    0.018811928
      3.3167082    0.047508330    0.017945251
      3.3416459    0.053570876    0.017109672
      3.3665835   -0.055512645    0.016304601
      3.3915212   0.0017071295    0.015529428
      3.4164589    0.014039780    0.014783525
      3.4413965  -0.0032517740    0.014066247
      3.4663342   -0.034344677    0.013376934
      3.4912718   -0.066440670    0.012714915
      3.5162095    0.019877471    0.012079509
      3.5411471    0.071301816    0.011470027
      3.5660848    0.067328560    0.010885774
      3.5910224  -0.0045965884    0.010326052
      3.6159601   -0.056121111   0.0097901604
      3.6408978    0.060441868   0.0092773974
      3.6658354    0.067310308   0.0087870628
      3.6907731   -0.031080557   0.0083184590
      3.7157107   -0.046295180   0.0078708922
      3.7406484   -0.036203064   0.0074436734
      3.7655860   -0.044598196   0.0070361204
      3.7905237    0.019428237   0.0066475583
      3.8154613  -0.0042979207   0.0062773205
      3.8403990   -0.062749053   0.0059247499
      3.8653367    0.069467379   0.0055891997
      3.8902743  -0.0039631888   0.0052700341
      3.9152120   0.0026849973   0.0049666290
      3.9401496  -0.0023186094   0.0046783725
      3.9650873   -0.017050326   0.0044046657
      3.9900249    0.031839443   0.0041449231
      4.0149626   0.0043881434   0.0038985727
      4.0399002   -0.016537659   0.0036650568
      4.0648379  -0.0024076836   0.0034438320
      4.0897756    0.019744628   0.0032343698
      4.1147132    0.034216109   0.0030361560
      4.1396509   -0.063731855   0.0028486918
      4.1645885   -0.069848102   0.0026714932
      4.1895262    0.018465048   0.0025040912
      4.2144638    0.063133698   0.0023460319
      4.2394015   -0.040455049   0.0021968765
      4.2643392   -0.070377179   0.0020562009
      4.2892768   -0.068736444   0.0019235960
      4.3142145    0.058171775   0.0017986672
      4.3391521   0.0072639550   0.0016810346
      4.3640898  -0.0089246194   0.0015703323
      4.3890274   -0.062675167   0.0014662087
      4.4139651    0.011576931   0.0013683258
      4.4389027    0.011073006   0.0012763594
      4.4638404    0.061458979   0.0011899984
      4.4887781   -0.042791124   0.0011089447
      4.5137157  1.4150691E-05   0.0010329130
      4.5386534    0.017978837  0.00096163030
      4.5635910   -0.062022988  0.00089483561
      4.5885287    0.069874795  0.00083227969
      4.6134663    0.071416291  0.00077372466
      4.6384040   0.0023547488  0.00071894368
      4.6633416    0.020156924  0.00066772060
      4.6882793    0.064710810  0.00061984961
      4.7132170   -0.077291610  0.00057513489
      4.7381546    0.064190308  0.00053339029
      4.7630923   -0.070614622  0.00049443895
      4.7880299   -0.059318824  0.00045811296
      4.8129676   -0.070935095  0.00042425308
      4.8379052    0.065400771  0.00039270832
      4.8628429    0.022837989  0.00036333566
      4.8877805    0.069456009  0.00033599975
      4.9127182    0.071154578  0.00031057253
      4.9376559    0.069390095  0.00028693296
      4.9625935   -0.065776344  0.00026496670
      4.9875312    0.054059152  0.00024456582
      5.0124688   -0.033878729  0.00022562852
      5.0374065   -0.062539549  0.00020805882
      5.0623441   -0.025865749  0.00019176631
      5.0872818   0.0087035539  0.00017666588
      5.1122195   0.0025053711  0.00016267747
      5.1371571    0.038102872  0.00014972579
      5.1620948    0.044078040  0.00013774010
      5.1870324   -0.070488659  0.00012665401
      5.2119701   0.0015767212  0.00011640520
      5.2369077   -0.029107818  0.00010693523
      5.2618454    0.059846498  9.8189348E-05
      5.2867830   -0.060809520  9.0116272E-05
      5.3117207   -0.051318351  8.2668004E-05
      5.3366584    0.069097492  7.5799650E-05
      5.3615960    0.013602041  6.9469247E-05
      5.3865337   -0.039981319  6.3637592E-05
      5.4114713   -0.068599145  5.8268089E-05
      5.4364090    0.069239973  5.3326589E-05
      5.4613466   -0.065360680  4.8781253E-05
      5.4862843    0.063301214  4.4602410E-05
      5.5112219    0.056655227  4.0762428E-05
      5.5361596   -0.038354615  3.7235589E-05
      5.5610973   -0.048306507  3.3997969E-05
      5.5860349    0.058770302  3.1027329E-05
      5.6109726   0.0093075050  2.8303008E-05
      5.6359102    0.057159644  2.5805822E-05
      5.6608479    0.070006077  2.3517968E-05
      5.6857855    0.050886721  2.1422936E-05
      5.7107232    0.030774219  1.9505424E-05
      5.7356608   -0.038560168  1.7751256E-05
      5.7605985  -0.0018357892  1.6147311E-05
      5.7855362  0.00064981247  1.4681446E-05
      5.8104738   -0.065152731  1.3342434E-05
      5.8354115   -0.022964279  1.2119898E-05
      5.8603491  0.00031526730  1.1004256E-05
      5.8852868   -0.045928434  9.9866606E-06
      5.9102244  5.6049066E-07  9.0589503E-06
      5.9351621   -0.045869442  8.2135999E-06
      5.9600998    0.066411447  7.4436745E-06
      5.9850374    0.056772911  6.7427873E-06
      6.0099751   -0.016355231  6.1050594E-06
      6.0349127    0.042816099  5.5250825E-06
      6.0598504    0.011877234  4.9978838E-06
      6.0847880   -0.028549486  4.5188940E-06
      6.1097257   -0.061709054  4.0839164E-06
      6.1346633   -0.063995021  3.6890990E-06
      6.1596010   -0.058501990  3.3309080E-06
      6.1845387   -0.069525358  3.0061033E-06
      6.2094763   -0.054230000  2.7117160E-06
      6.2344140   -0.017706547  2.4450267E-06
      6.2593516   -0.069601046  2.2035463E-06
      6.2842893    0.016488307  1.9849978E-06
      6.3092269    0.070393624  1.7872991E-06
      6.3341646    0.052347994  1.6085473E-06
      6.3591022    0.026217694  1.4470047E-06
      6.3840399   -0.048532730  1.3010848E-06
      6.4089776    0.070903277  1.1693403E-06
      6.4339152   -0.035401318  1.0504514E-06
      6.4588529    0.053195670  9.4321517E-07
      6.4837905   -0.054542395  8.4653604E-07
      6.5087282   -0.069639355  7.5941657E-07
      6.5336658    0.050653853  6.8094915E-07
      6.5586035    0.052116380  6.1030845E-07
      6.5835411    0.037100543  5.4674424E-07
      6.6084788   -0.025153968  4.8957503E-07
      6.6334165    0.016730834  4.3818205E-07
      6.6583541   -0.050387298  3.9200380E-07
      6.6832918   -0.056699532  3.5053096E-07
      6.7082294  1.4107073E-08  3.1330185E-07
      6.7331671   -0.064372098  2.7989817E-07
      6.7581047   0.0034681695  2.4994116E-07
      6.7830424   -0.015710380  2.2308799E-07
      6.8079800   -0.057550356  1.9902854E-07
      6.8329177    0.057286775  1.7748240E-07
      6.8578554   -0.069043159  1.5819621E-07
      6.8827930   -0.057112829  1.4094113E-07
      6.9077307    0.013807032  1.2551062E-07
      6.9326683   -0.054934786  1.1171827E-07
      6.9576060   -0.049616239  9.9396045E-08
      6.9825436    0.037909276  8.8392440E-08
      7.0074813   0.0070508917  7.8571017E-08
      7.0324190    0.016737664  6.9808918E-08
      7.0573566    0.043832697  6.1995587E-08
      7.0822943    0.053823888  5.5031570E-08
      7.1072319   -0.076773209  4.8827507E-08
      7.1321696    0.064582060  4.3303073E-08
      7.1571072    0.059718727  3.8386144E-08
      7.1820449   -0.068696542  3.4011977E-08
      7.2069825   -0.069262657  3.0122489E-08
      7.2319202   -0.046633229  2.6665608E-08
      7.2568579    0.056219205  2.3594665E-08
      7.2817955    0.034682499  2.0867858E-08
      7.3067332   -0.024814756  1.8447781E-08
      7.3316708  -0.0016505646  1.6300910E-08
      7.3566085    0.040540076  1.4397314E-08
      7.3815461    0.063846113  1.2710219E-08
      7.4064838   -0.016977324  1.1215707E-08
      7.4314214    0.070040442  9.8924253E-09
      7.4563591   -0.065142618  8.7212934E-09
      7.4812968    0.031395444  7.6853108E-09
      7.5062344  1.5526091E-12  6.7693054E-09
      7.5311721   -0.014774161  5.9597680E-09
      7.5561097    0.011707324  5.2446509E-09
      7.5810474   -0.070621863  4.6132564E-09
      7.6059850   -0.046900834  4.0560108E-09
      7.6309227   -0.017622010  3.5644717E-09
      7.6558603    0.028822089  3.1310788E-09
      7.6807980    0.070560991  2.7491338E-09
      7.7057357   -0.067683258  2.4126850E-09
      7.7306733   -0.069842209  2.1164427E-09
      7.7556110   -0.026916189  1.8557281E-09
      7.7805486    0.069986427  1.6263978E-09
      7.8054863    0.070006732  1.4247490E-09
      7.8304239    0.022213575  1.2475442E-09
      7.8553616   -0.050782540  1.0918722E-09
      7.8802993    0.024082534  9.5517402E-10
      7.9052369    0.018290338  8.3521390E-10
      7.9301746    0.060455973  7.2998843E-10
      7.9551122    0.058181727  6.3773494E-10
      7.9800499    0.034704368  5.5687756E-10
      8.0049875   -0.040967891  4.8604564E-10
      8.0299252   -0.049637131  4.2403704E-10
      8.0548628    0.064508056  3.6977399E-10
      8.0798005   -0.039349476  3.2231264E-10
      8.1047382  0.00023737302  2.8083111E-10
      8.1296758   -0.069264828  2.4456831E-10
      8.1546135    0.053178842  2.1290199E-10
      8.1795511    0.054904753  1.8526600E-10
      8.2044888    0.053334783  1.6114855E-10
      8.2294264   -0.035376467  1.4010915E-10
      8.2543641    0.039426257  1.2174916E-10
      8.2793017   -0.048286417  1.0575175E-10
      8.3042394 -3.3049384E-15  9.1816610E-11
      8.3291771   -0.066175275  7.9673386E-11
      8.3541147   -0.023694152  6.9106692E-11
      8.3790524   -0.012482321  5.9898013E-11
      8.4039900    0.024760440  5.1883330E-11
      8.4289277    0.065242852  4.4919452E-11
      8.4538653   -0.018234515  3.8873161E-11
      8.4788030    0.011601831  3.3614152E-11
      8.5037406   -0.029007947  2.9042888E-11
      8.5286783   -0.038897235  2.5077115E-11
      8.5536160    0.070690195  2.1648778E-11
      8.5785536   -0.038972394  1.8692904E-11
      8.6034913    0.050732622  1.6128387E-11
      8.6284289   -0.050948425  1.3925802E-11
      8.6533666   0.0056901372  1.2027462E-11
      8.6783042   -0.069659936  1.0388539E-11
      8.7032419   -0.070838735  8.9849585E-12
      8.7281796   -0.036372118  7.7592321E-12
      8.7531172   -0.028799420  6.7047032E-12
      8.7780549   -0.045856637  5.7829426E-12
      8.8029925   -0.066394652  4.9948942E-12
      8.8279302    0.068689991  4.3132391E-12
      8.8528678    0.048608286  3.7183637E-12
      8.8778055   -0.065141175  3.1945459E-12
      8.9027431    0.015817162  2.7388290E-12
      8.9276808   -0.051566028  2.3462564E-12
      8.9526185    0.018613713  1.9956170E-12
      8.9775561    0.021743599  1.7048516E-12
      9.0024938   -0.045641392  1.4393267E-12
      9.0274314   -0.065191768  1.2137189E-12
      9.0523691    0.014498911  1.0172140E-12
      9.0773067    0.070569805  8.5297625E-13
      9.1022444   -0.040224535  7.2185591E-13
      9.1271820    0.049657360  6.0446745E-13
      9.1521197    0.068814130  5.1012466E-13
      9.1770574    0.042415142  4.4365669E-13
      9.2019950    0.048647788  3.8559166E-13
      9.2269327   -0.026301820  3.3887654E-13
      9.2518703   -0.066308647  2.9971273E-13
      9.2768080   -0.024871789  2.6440241E-13
      9.3017456  2.0802864E-10  2.3961931E-13
      9.3266833    0.020924628  2.2291090E-13
      9.3516209   -0.069174117  1.9930344E-13
      9.3765586    0.064223496  1.8057911E-13
      9.4014963   -0.058431836  1.5420175E-13
      9.4264339    0.055309300  1.2818301E-13
      9.4513716    0.038911294  1.1544179E-13
      9.4763092   -0.051601261  9.1997180E-14
      9.5012469   -0.052404982  7.6389375E-14
      9.5261845   -0.024937678  5.4335375E-14
      9.5511222    0.070740908  4.4934727E-14
      9.5760599    0.069329573  3.1324565E-14
      9.6009975   -0.068612687  2.2767422E-14
      9.6259352    0.022711284  2.1584397E-14
      9.6508728    0.070809347  1.0562473E-14
      9.6758105  0.00057340691  4.0298438E-16
      9.7007481 -1.9896404E-14 -7.4311539E-15
      9.7256858  -0.0010720102 -7.1438379E-15
      9.7506234   -0.070078464 -1.3605927E-14
      9.7755611    0.051967373 -2.1307432E-14
      9.8004988    0.038402376 -2.7291638E-14
      9.8254364    0.059451700 -2.1537089E-14
      9.8503741   -0.051934876 -1.5914719E-14
      9.8753117   -0.061834800 -1.0381420E-14
      9.9002494   -0.064020790  1.1399193E-15
      9.9251870   -0.027668110 -2.0269115E-15
      9.9501247   -0.070416784 -2.8821919E-15
