      0.0000000      0.0000000      0.0000000
    0.024937656 -0.00068762588  1.0963482E-05
    0.049875312  -0.0083242672   0.0043370040
    0.074812968    0.059951889   0.0087061087
    0.099750623    0.047744431    0.013125493
     0.12468828   0.0073610032    0.017593437
     0.14962594   -0.071745804    0.022104597
     0.17456359    0.065379958    0.026651771
     0.19950125   -0.054551750    0.031226680
     0.22443890   -0.063120236    0.035820358
     0.24937656   -0.078493901    0.040423396
     0.27431421    0.068634480    0.045026092
     0.29925187   -0.029814383    0.049618566
     0.32418953   -0.074706092    0.054190843
     0.34912718    0.069113354    0.058732922
     0.37406484   -0.066363342    0.063234839
     0.39900249    0.065049397    0.067686714
     0.42394015   -0.057056300    0.072078804
     0.44887781  -0.0071120512    0.076401539
     0.47381546   -0.010659814    0.080645570
     0.49875312   0.0073098556    0.084801796
     0.52369077   -0.016915959    0.088861408
     0.54862843    0.064453339    0.092815913
     0.57356608    0.054708000    0.096657166
     0.59850374    0.060028979     0.10037740
     0.62344140  -0.0071537738     0.10396925
     0.64837905     0.10523406     0.10742576
     0.67331671    0.032622322     0.11074044
     0.69825436   -0.068147743     0.11390724
     0.72319202    0.050601238     0.11692061
     0.74812968    0.065684220     0.11977546
     0.77306733   -0.041761913     0.12246723
     0.79800499   -0.069700775     0.12499187
     0.82294264   -0.015652594     0.12734581
     0.84788030   -0.064637944     0.12952606
     0.87281796   -0.069642737     0.13153010
     0.89775561   -0.063153345     0.13335597
     0.92269327   -0.066320771     0.13500222
     0.94763092   -0.024193293     0.13646791
     0.97256858   -0.068465969     0.13775262
     0.99750623   -0.045353058     0.13885643
      1.0224439   -0.074785770     0.13977991
      1.0473815   -0.057979252     0.14052412
      1.0723192   -0.020673971     0.14109058
      1.0972569  -0.0014566215     0.14148127
      1.1221945   -0.060993362     0.14169858
      1.1471322     0.14174535     0.14174535
      1.1720698   -0.061891099     0.14162481
      1.1970075   -0.029525945     0.14134054
      1.2219451    0.019494577     0.14089653
      1.2468828  -0.0056284955     0.14029705
      1.2718204    0.043996867     0.13954671
      1.2967581   -0.067527467     0.13865041
      1.3216958    0.036621091     0.13761330
      1.3466334    0.027310430     0.13644077
      1.3715711   -0.035315108     0.13513845
      1.3965087    0.053747624     0.13371213
      1.4214464   -0.042983250     0.13216777
      1.4463840   -0.021388689     0.13051149
      1.4713217  0.00053067734     0.12874951
      1.4962594   -0.040721478     0.12688813
      1.5211970    0.040702746     0.12493375
      1.5461347   -0.053350061     0.12289279
      1.5710723  -0.0093910714     0.12077170
      1.5960100   -0.029026691     0.11857693
      1.6209476   -0.061043523     0.11631492
      1.6458853   -0.059046655     0.11399204
      1.6708229    0.066327545     0.11161463
      1.6957606    0.051195352     0.10918894
      1.7206983    0.033160177     0.10672112
      1.7456359   -0.063828570     0.10421720
      1.7705736    0.065746600     0.10168311
      1.7955112    0.041884287    0.099124601
      1.8204489   -0.027990754    0.096547295
      1.8453865    0.049690568    0.093956636
      1.8703242   -0.038637684    0.091357888
      1.8952618   -0.068787642    0.088756129
      1.9201995    0.012037835    0.086156241
      1.9451372   -0.050191565    0.083562900
      1.9700748   -0.026867587    0.080980570
      1.9950125  -0.0022831494    0.078413500
      2.0199501   -0.042389788    0.075865720
      2.0448878   -0.030104030    0.073341033
      2.0698254   -0.065281003    0.070843021
      2.0947631    0.037221485    0.068375035
      2.1197007   -0.014105592    0.065940201
      2.1446384    0.068262866    0.063541417
      2.1695761    0.053559135    0.061181359
      2.1945137   -0.025125796    0.058862476
      2.2194514   -0.070454818    0.056587001
      2.2443890   -0.056728623    0.054356948
      2.2693267   -0.070481375    0.052174122
      2.2942643    0.015932802    0.050040120
      2.3192020    0.072543255    0.047956336
      2.3441397    0.054186439    0.045923971
      2.3690773    0.065001248    0.043944036
      2.3940150    0.044703756    0.042017360
      2.4189526   -0.066807131    0.040144597
      2.4438903   -0.056625702    0.038326233
      2.4688279   -0.031878329    0.036562594
      2.4937656    0.061729907    0.034853852
      2.5187032   -0.038625383    0.033200038
      2.5436409    0.049625237    0.031601043
      2.5685786    0.069029972    0.030056632
      2.5935162    0.067421043    0.028566449
      2.6184539    0.064675833    0.027130025
      2.6433915   -0.027264734    0.025746789
      2.6683292    0.054807259    0.024416071
      2.6932668    0.065786887    0.023137116
      2.7182045   -0.058019170    0.021909085
      2.7431421    0.011183648    0.020731068
      2.7680798   -0.038172642    0.019602089
      2.7930175    0.039498131    0.018521112
      2.8179551   -0.066469959    0.017487051
      2.8428928   -0.074732664    0.016498773
      2.8678304    0.068745813    0.015555107
      2.8927681   -0.066931079    0.014654850
      2.9177057   -0.060166247    0.013796772
      2.9426434    0.020958390    0.012979620
      2.9675810   -0.047411500    0.012202126
      2.9925187   -0.069359302    0.011463013
      3.0174564    0.042276323    0.010760994
      3.0423940   -0.050334962    0.010094783
      3.0673317   -0.070545718   0.0094630936
      3.0922693    0.057507941   0.0088646473
      3.1172070    0.016391130   0.0082981739
      3.1421446   -0.013271353   0.0077624161
      3.1670823    0.020524545   0.0072561318
      3.1920200   -0.065621588   0.0067780976
      3.2169576   -0.032169222   0.0063271102
      3.2418953   0.0088111949   0.0059019895
      3.2668329   0.0046895985   0.0055015799
      3.2917706  -0.0062981248   0.0051247521
      3.3167082    0.085344275   0.0047704047
      3.3416459   -0.069195462   0.0044374657
      3.3665835   -0.041282306   0.0041248927
      3.3915212   -0.070233625   0.0038316746
      3.4164589   -0.035509982   0.0035568320
      3.4413965  -0.0059167432   0.0032994177
      3.4663342   -0.029748895   0.0030585168
      3.4912718    0.032179598   0.0028332473
      3.5162095  -0.0025772735   0.0026227601
      3.5411471   -0.086447331   0.0024262385
      3.5660848    0.023450280   0.0022428988
      3.5910224   -0.020582858   0.0020719892
      3.6159601   -0.069907306   0.0019127901
      3.6408978   -0.036314217   0.0017646132
      3.6658354    0.067215583   0.0016268012
      3.6907731   -0.064238366   0.0014987270
      3.7157107   -0.072224527   0.0013797934
      3.7406484    0.019064658   0.0012694317
      3.7655860   -0.039497197   0.0011671019
      3.7905237   -0.061933884   0.0010722910
      3.8154613   -0.067930856  0.00098451278
      3.8403990   -0.069758815  0.00090330650
      3.8653367    0.057323173  0.00082823643
      3.8902743    0.070257112  0.00075889073
      3.9152120    0.030217647  0.00069488059
      3.9401496   -0.050168861  0.00063583940
      3.9650873    0.060457110  0.00058142177
      3.9900249   -0.068153158  0.00053130272
      4.0149626    0.031103104  0.00048517673
      4.0399002    0.067858668  0.00044275690
      4.0648379    0.070062668  0.00040377407
      4.0897756   -0.068978910  0.00036797600
      4.1147132   0.0022177231  0.00033512653
      4.1396509    0.066982830  0.00030500477
      4.1645885    0.052195145  0.00027740431
      4.1895262    0.037626039  0.00025213247
      4.2144638    0.025033682  0.00022900955
      4.2394015   -0.059797238  0.00020786812
      4.2643392    0.010866632  0.00018855234
      4.2892768   -0.062273469  0.00017091725
      4.3142145 -0.00031634808  0.00015482820
      4.3391521   -0.049410625  0.00014016018
      4.3640898   -0.063604019  0.00012679725
      4.3890274   -0.069568137  0.00011463200
      4.4139651    0.018900044  0.00010356499
      4.4389027   -0.023920463  9.3504252E-05
      4.4638404    0.029792979  8.4364787E-05
      4.4887781   -0.011628663  7.6068132E-05
      4.5137157    0.040178696  6.8541905E-05
      4.5386534    0.061148454  6.1719397E-05
      4.5635910    0.070274983  5.5539179E-05
      4.5885287   -0.023836990  4.9944734E-05
      4.6134663    0.060442108  4.4884109E-05
      4.6384040    0.039204323  4.0309588E-05
      4.6633416    0.046981432  3.6177382E-05
      4.6882793    0.033645670  3.2447341E-05
      4.7132170    0.074688276  2.9082684E-05
      4.7381546   -0.060036026  2.6049742E-05
      4.7630923   -0.067197107  2.3317720E-05
      4.7880299  -0.0086234113  2.0858480E-05
      4.8129676   -0.043175941  1.8646327E-05
      4.8379052    0.046640531  1.6657821E-05
      4.8628429   -0.019005134  1.4871593E-05
      4.8877805   -0.030730060  1.3268179E-05
      4.9127182   -0.077488672  1.1829868E-05
      4.9376559  -0.0070721975  1.0540552E-05
      4.9625935   -0.059008012  9.3855953E-06
      4.9875312   -0.066299929  8.3517116E-06
      5.0124688  -0.0094877495  7.4268472E-06
      5.0374065   -0.047981394  6.6000765E-06
      5.0623441   -0.043477351  5.8615042E-06
      5.0872818    0.017602887  5.2021750E-06
      5.1122195 -1.9799565E-06  4.6139912E-06
      5.1371571    0.062989492  4.0896356E-06
      5.1620948   -0.011157680  3.6225021E-06
      5.1870324    0.043027541  3.2066313E-06
      5.2119701    0.020312247  2.8366507E-06
      5.2369077   -0.047342140  2.5077215E-06
      5.2618454   -0.010171185  2.2154883E-06
      5.2867830    0.070403907  1.9560344E-06
      5.3117207   -0.061420597  1.7258398E-06
      5.3366584   -0.044129922  1.5217440E-06
      5.3615960   -0.016104149  1.3409110E-06
      5.3865337   -0.019508521  1.1807982E-06
      5.4114713   -0.071805725  1.0391277E-06
      5.4364090    0.018557802  9.1386009E-07
      5.4613466   -0.024865448  8.0317140E-07
      5.4862843   -0.026338777  7.0543107E-07
      5.5112219 -3.7895392E-09  6.1918281E-07
      5.5361596    0.018734488  5.4312683E-07
      5.5610973   -0.043333776  4.7610397E-07
      5.5860349    0.057487684  4.1708121E-07
      5.6109726   -0.052243096  3.6513867E-07
      5.6359102    0.065846689  3.1945782E-07
      5.6608479    0.061096045  2.7931087E-07
      5.6857855    0.045618224  2.4405116E-07
      5.7107232    0.077882406  2.1310458E-07
      5.7356608   -0.038930699  1.8596175E-07
      5.7605985   -0.031831280  1.6217112E-07
      5.7855362    0.049998999  1.4133265E-07
      5.8104738    0.072000561  1.2309226E-07
      5.8354115   -0.068872210  1.0713670E-07
      5.8603491    0.067233638  9.3189131E-08
      5.8852868   -0.046367207  8.1004994E-08
      5.9102244    0.044920843  7.0368426E-08
      5.9351621    0.036791052  6.1089089E-08
      5.9600998   -0.048399822  5.2999193E-08
      5.9850374    0.026921575  4.5950986E-08
      6.0099751   -0.070209028  3.9814420E-08
      6.0349127    0.054411209  3.4475139E-08
      6.0598504    0.070960173  2.9832644E-08
      6.0847880   -0.070537741  2.5798680E-08
      6.1097257   -0.014229900  2.2295835E-08
      6.1346633  -0.0044174547  1.9256187E-08
      6.1596010   -0.024430102  1.6620248E-08
      6.1845387 -0.00067874189  1.4335923E-08
      6.2094763    0.033798563  1.2357611E-08
      6.2344140    0.016934013  1.0645446E-08
      6.2593516   -0.063327919  9.1646074E-09
      6.2842893  -0.0094673521  7.8846982E-09
      6.3092269    0.058004906  6.7791848E-09
      6.3341646   -0.038661296  5.8249466E-09
      6.3591022    0.070737163  5.0018270E-09
      6.3840399   -0.070435738  4.2922802E-09
      6.4089776   0.0068177732  3.6810307E-09
      6.4339152   -0.012857840  3.1548057E-09
      6.4588529    0.071164636  2.7020851E-09
      6.4837905    0.018951509  2.3128575E-09
      6.5087282  1.0110720E-07  1.9784361E-09
      6.5336658    0.063158608  1.6912927E-09
      6.5586035   -0.045656196  1.4449058E-09
      6.5835411   -0.014401030  1.2336215E-09
      6.6084788   -0.061831686  1.0525544E-09
      6.6334165    0.068042251  8.9750122E-10
      6.6583541   -0.050735499  7.6481182E-10
      6.6832918    0.052382743  6.5132303E-10
      6.7082294  2.8907329E-05  5.5432601E-10
      6.7331671    0.067195477  4.7146697E-10
      6.7581047    0.056885577  4.0074179E-10
      6.7830424   0.0045075297  3.4040482E-10
      6.8079800    0.032151489  2.8897351E-10
      6.8329177    0.065444786  2.4516208E-10
      6.8578554   -0.021048809  2.0785728E-10
      6.8827930    0.055973293  1.7612049E-10
      6.9077307    0.013362043  1.4913741E-10
      6.9326683    0.067554595  1.2623094E-10
      6.9576060    0.066472575  1.0678963E-10
      6.9825436   -0.058974164  9.0304194E-11
      7.0074813  -0.0016248021  7.6323580E-11
      7.0324190    0.063628357  6.4463563E-11
      7.0573566    0.057906507  5.4403887E-11
      7.0822943    0.068303392  4.5898981E-11
      7.1072319   -0.065355544  3.8708173E-11
      7.1321696   0.0092069555  3.2626387E-11
      7.1571072   -0.060560180  2.7490728E-11
      7.1820449    0.016482642  2.3140947E-11
      7.2069825    0.053111440  1.9464727E-11
      7.2319202    0.062548699  1.6355219E-11
      7.2568579   -0.042348799  1.3743698E-11
      7.2817955    0.023608738  1.1533746E-11
      7.3067332 -1.9201983E-12  9.6781148E-12
      7.3316708    0.069600212  8.1232649E-12
      7.3566085   -0.070035985  6.8146896E-12
      7.3815461   -0.064167548  5.7243903E-12
      7.4064838    0.056363561  4.8124880E-12
      7.4314214  -0.0031437090  4.0427156E-12
      7.4563591   -0.035156252  3.3912948E-12
      7.4812968    0.058555965  2.8386624E-12
      7.5062344  7.1259559E-14  2.3675411E-12
      7.5311721   -0.039807346  1.9772250E-12
      7.5561097    0.014456678  1.6522695E-12
      7.5810474    0.061039771  1.3828325E-12
      7.6059850    0.043632094  1.1640352E-12
      7.6309227    0.058750094  9.9173502E-13
      7.6558603    0.034655644  8.4963581E-13
      7.6807980    0.035446430  7.4049105E-13
      7.7057357   0.0019813894  6.5225523E-13
      7.7306733   -0.046968599  5.7017795E-13
      7.7556110   -0.062937385  4.9839643E-13
      7.7805486   -0.046437452  4.4340526E-13
      7.8054863   -0.054636452  3.8982948E-13
      7.8304239    0.029636600  3.2578891E-13
      7.8553616    0.068450157  2.7629309E-13
      7.8802993   -0.070656375  2.2131099E-13
      7.9052369  4.4317069E-14  1.7198388E-13
      7.9301746   -0.031525182  1.2892358E-13
      7.9551122    0.050737761  9.6613527E-14
      7.9800499   -0.048112812  7.2283312E-14
      8.0049875    0.070276284  3.8649608E-14
      8.0299252  -0.0016484842  1.7397313E-14
      8.0548628    0.052617487  9.6094660E-16
      8.0798005    0.059188383 -3.7150063E-15
      8.1047382    0.068888558  7.4809802E-15
      8.1296758    0.030726387  1.6257308E-14
      8.1546135    0.070720854  3.4230502E-14
      8.1795511   -0.056076052  2.7956293E-14
      8.2044888    0.071196583  2.5135707E-14
      8.2294264    0.062731735  2.0928082E-14
      8.2543641    0.014862006  1.2898747E-14
      8.2793017   -0.070084154  6.4511399E-15
      8.3042394  1.0163227E-10  1.8616266E-15
      8.3291771    0.024110298  7.1741345E-15
      8.3541147   -0.070488109  1.2382433E-14
      8.3790524    0.022655068  2.2955959E-14
      8.4039900   -0.060193910  3.4483449E-14
      8.4289277   -0.023439891  3.6798265E-14
      8.4538653   0.0068899261  3.3981818E-14
      8.4788030    0.013679040  2.5563889E-14
      8.5037406    0.072436139  1.7906839E-14
      8.5286783   -0.067062876  5.7693992E-15
      8.5536160    0.057742347 -5.3935125E-16
      8.5785536   -0.069660198 -6.6787398E-15
      8.6034913   -0.050379099 -1.4919789E-14
      8.6284289   -0.067353106 -2.8197388E-14
      8.6533666   -0.062889765 -3.9481127E-14
      8.6783042    0.039264616 -4.8131170E-14
      8.7032419   -0.057598631 -5.6301160E-14
      8.7281796   -0.029337050 -6.9102539E-14
      8.7531172    0.069680149 -5.8302414E-14
      8.7780549    0.070128011 -6.0595121E-14
      8.8029925    0.060980663 -4.7938013E-14
      8.8279302    0.041115321 -4.4335244E-14
      8.8528678    0.050924926 -3.6870236E-14
      8.8778055   -0.047820013 -3.6465039E-14
      8.9027431  1.1844683E-14 -3.2400088E-14
      8.9276808   -0.030166396 -9.2895913E-15
      8.9526185   -0.018170044 -1.4369814E-15
      8.9775561   -0.034379829  1.2210639E-14
      9.0024938   -0.048231775  2.2406781E-14
      9.0274314   -0.043279690  1.8615224E-14
      9.0523691   0.0048537131  1.6991054E-14
      9.0773067  -0.0077965917  1.5712300E-14
      9.1022444 -7.1010433E-15  3.0239129E-14
      9.1271820    0.046840068  3.6780269E-14
      9.1521197   -0.054849085  3.9247812E-14
      9.1770574   -0.049827820  2.8749840E-14
      9.2019950   -0.071412088  1.3527401E-14
      9.2269327    0.059068779 -5.2699577E-15
      9.2518703   -0.069693655 -2.0501904E-14
      9.2768080   -0.065058763 -2.9789047E-14
      9.3017456    0.043832914 -3.6756029E-14
      9.3266833    0.040394264 -5.1335699E-14
      9.3516209   -0.033667003 -5.3819773E-14
      9.3765586  -0.0053387521 -3.5536144E-14
      9.4014963    0.017995972 -1.9622773E-14
      9.4264339   -0.040772027 -8.2992996E-15
      9.4513716    0.025848842  2.1262145E-16
      9.4763092   -0.053468141 -4.5957540E-15
      9.5012469   -0.015187115 -2.3482772E-14
      9.5261845    0.059170499 -2.7430014E-14
      9.5511222   0.0049739959 -2.1309178E-14
      9.5760599   -0.052461509 -5.9705869E-15
      9.6009975   0.0057742264 -1.3693343E-15
      9.6259352    0.056322834  1.0314362E-15
      9.6508728    0.039392861 -6.0254112E-15
      9.6758105    0.069865694 -1.5579180E-14
      9.7007481 -5.7185453E-14 -1.0560569E-14
      9.7256858    0.057323320 -2.8831957E-16
      9.7506234  -0.0018257039  1.2595099E-14
      9.7755611    0.061183485  2.5743535E-14
      9.8004988   -0.018255696  3.4656904E-14
      9.8254364   -0.025720343  4.9697729E-14
      9.8503741   -0.052860908  5.0753062E-14
      9.8753117    0.033400381  5.4186350E-14
      9.9002494   -0.040599847  5.0800804E-14
      9.9251870   -0.069191440  4.0093492E-14
      9.9501247    0.070802782  2.1214306E-14
