      0.0000000      0.0000000      0.0000000
    0.024937656   -0.056022270  4.6838507E-05
    0.049875312    0.058924356   0.0090156648
    0.074812968   -0.028425945    0.018049640
    0.099750623   0.0037976757    0.027139202
     0.12468828   -0.052529699    0.036256311
     0.14962594    0.064343455    0.045365644
     0.17456359   -0.069947826    0.054428504
     0.19950125    0.052386348    0.063404656
     0.22443890    0.069278866    0.072253405
     0.24937656    0.073231543    0.080934320
     0.27431421    0.068067109    0.089407786
     0.29925187   -0.062085779    0.097635443
     0.32418953    0.024208655     0.10558057
     0.34912718    0.047588369     0.11320840
     0.37406484   -0.020157717     0.12048641
     0.39900249   -0.014955922     0.12738456
     0.42394015   -0.068616250     0.13387550
     0.44887781    0.039043326     0.13993475
     0.47381546   -0.037185916     0.14554084
     0.49875312   -0.010976661     0.15067542
     0.52369077   -0.022928196     0.15532331
     0.54862843     0.15947262     0.15947262
     0.57356608   -0.036368764     0.16311466
     0.59850374   -0.042397009     0.16624400
     0.62344140   -0.065826126     0.16885842
     0.64837905   -0.037592139     0.17095879
     0.67331671    0.071781119     0.17254902
     0.69825436   -0.032019573     0.17363591
     0.72319202   -0.073849651     0.17422905
     0.74812968   -0.076667283     0.17434059
     0.77306733   -0.043857967     0.17398512
     0.79800499    0.069474771     0.17317945
     0.82294264   -0.075107312     0.17194240
     0.84788030   -0.083823740     0.17029462
     0.87281796   -0.035177582     0.16825831
     0.89775561    0.025912564     0.16585704
     0.92269327    0.059063677     0.16311552
     0.94763092    0.039320215     0.16005933
     0.97256858   -0.069118939     0.15671475
     0.99750623   -0.019583164     0.15310850
      1.0224439  -0.0041422210     0.14926754
      1.0473815   -0.035010269     0.14521888
      1.0723192    0.064714987     0.14098934
      1.0972569   -0.069039576     0.13660543
      1.1221945   -0.059050071     0.13209313
      1.1471322    -0.12799006     0.12747774
      1.1720698    0.069965479     0.12278377
      1.1970075   -0.027167578     0.11803477
      1.2219451   -0.042670420     0.11325325
      1.2468828   -0.033436732     0.10846057
      1.2718204  -0.0077633790     0.10367686
      1.2967581    0.057571062    0.098920962
      1.3216958    0.032818255    0.094210371
      1.3466334   -0.011274400    0.089561205
      1.3715711   -0.014884500    0.084988183
      1.3965087   -0.067603275    0.080504618
      1.4214464    0.054974708    0.076122418
      1.4463840    0.064303016    0.071852104
      1.4713217   -0.069025881    0.067702835
      1.4962594   -0.055647343    0.063682446
      1.5211970    0.010235829    0.059797489
      1.5461347   -0.087472581    0.056053286
      1.5710723    0.070234430    0.052453986
      1.5960100    0.045714028    0.049002629
      1.6209476    0.073785003    0.045701211
      1.6458853   -0.044481752    0.042550756
      1.6708229    0.068136459    0.039551390
      1.6957606   0.0093492798    0.036702412
      1.7206983     0.11717535    0.034002368
      1.7456359    0.058875501    0.031449129
      1.7705736   -0.032824935    0.029039963
      1.7955112    0.053948314    0.026771605
      1.8204489   0.0050699090    0.024640329
      1.8453865    0.018266201    0.022642013
      1.8703242    0.053136564    0.020772206
      1.8952618   -0.045576534    0.019026188
      1.9201995   -0.018530393    0.017399025
      1.9451372    0.015845221    0.015885626
      1.9700748   -0.066022477    0.014480791
      1.9950125  -0.0063238782    0.013179257
      2.0199501   -0.067573100    0.011975740
      2.0448878   -0.026486242    0.010864971
      2.0698254   -0.033244569   0.0098417306
      2.0947631   -0.069728127   0.0089008804
      2.1197007    0.076355314   0.0080373864
      2.1446384    0.052127744   0.0072463425
      2.1695761   0.0098493110   0.0065229897
      2.1945137    0.061944796   0.0058627312
      2.2194514   -0.032510566   0.0052611454
      2.2443890    0.055776261   0.0047139958
      2.2693267   -0.010622014   0.0042172381
      2.2942643   -0.052817004   0.0037670252
      2.3192020    0.076738691   0.0033597101
      2.3441397   -0.041200320   0.0029918465
      2.3690773    0.046028766   0.0026601880
      2.3940150   -0.065284178   0.0023616860
      2.4189526   -0.057053189   0.0020934858
      2.4438903    0.062056059   0.0018529218
      2.4688279   -0.070591887   0.0016375123
      2.4937656    0.046292099   0.0014449524
      2.5187032   -0.029795093   0.0012731077
      2.5436409    0.050224632   0.0011200062
      2.5685786    0.059744837  0.00098383087
      2.5935162    0.048012079  0.00086291135
      2.6184539   -0.048531218  0.00075571602
      2.6433915    0.021789725  0.00066084369
      2.6683292   -0.039810000  0.00057701548
      2.6932668   -0.060942872  0.00050306684
      2.7182045 -0.00011475471  0.00043793970
      2.7431421    0.048262183  0.00038067486
      2.7680798    0.012958318  0.00033040466
      2.7930175   -0.061454698  0.00028634595
      2.8179551  -0.0043726396  0.00024779335
      2.8428928    0.088974575  0.00021411285
      2.8678304    0.031081297  0.00018473581
      2.8927681    0.064017010  0.00015915322
      2.9177057    0.028752382  0.00013691042
      2.9426434   0.0089575038  0.00011760208
      2.9675810    0.062699807  0.00010086758
      2.9925187   0.0021721852  8.6386727E-05
      3.0174564    0.065138374  7.3875749E-05
      3.0423940   -0.064866034  6.3083660E-05
      3.0673317    0.057764736  5.3788893E-05
      3.0922693    0.067066280  4.5796225E-05
      3.1172070    0.087773452  3.8933973E-05
      3.1421446  -0.0063002146  3.3051435E-05
      3.1670823   -0.012102563  2.8016575E-05
      3.1920200    0.014680939  2.3713927E-05
      3.2169576    0.071419600  2.0042697E-05
      3.2418953    0.068504667  1.6915064E-05
      3.2668329    0.055231748  1.4254647E-05
      3.2917706   -0.067480100  1.1995135E-05
      3.3167082 -1.7398747E-06  1.0079063E-05
      3.3416459   -0.021526843  8.4567222E-06
      3.3665835  -0.0094831864  7.0851872E-06
      3.3915212   -0.067747301  5.9274574E-06
      3.4164589   -0.045214175  4.9516948E-06
      3.4413965   -0.058509137  4.1305518E-06
      3.4663342   -0.021401544  3.4405789E-06
      3.4912718   -0.033879267  2.8617036E-06
      3.5162095  1.5136680E-05  2.3767741E-06
      3.5411471   -0.070656031  1.9711592E-06
      3.5660848   -0.067277653  1.6323996E-06
      3.5910224  -0.0086625386  1.3499033E-06
      3.6159601   -0.030878352  1.1146811E-06
      3.6408978    0.056429547  9.1911706E-07
      3.6658354   -0.054365661  7.5676948E-07
      3.6907731    0.036631204  6.2219909E-07
      3.7157107   -0.029020433  5.1082072E-07
      3.7406484    0.055226084  4.1877561E-07
      3.7655860   -0.037765580  3.4282175E-07
      3.7905237   -0.039453562  2.8023981E-07
      3.8154613   -0.026933073  2.2875266E-07
      3.8403990   -0.053063080  1.8645655E-07
      3.8653367   -0.049785281  1.5176256E-07
      3.8902743    0.024829698  1.2334667E-07
      3.9152120     0.10786312  1.0010746E-07
      3.9401496    0.060613650  8.1130097E-08
      3.9650873    0.060733097  6.5655986E-08
      3.9900249  -0.0051056494  5.3057132E-08
      4.0149626   -0.037596794  4.2814475E-08
      4.0399002    0.042998111  3.4499700E-08
      4.0648379   -0.060551117  2.7759911E-08
      4.0897756    0.050959779  2.2304847E-08
      4.1147132 -8.5113932E-11  1.7896129E-08
      4.1396509    0.025745360  1.4338306E-08
      4.1645885    0.065424047  1.1471379E-08
      4.1895262    0.023555908  9.1645889E-09
      4.2144638   -0.078384489  7.3112235E-09
      4.2394015   0.0081995562  5.8243568E-09
      4.2643392    0.064440638  4.6332542E-09
      4.2892768   -0.037564032  3.6804911E-09
      4.3142145 -2.5076916E-13  2.9194869E-09
      4.3391521   -0.080694182  2.3125387E-09
      4.3640898    0.055244827  1.8291701E-09
      4.3890274   -0.068679851  1.4447828E-09
      4.4139651   -0.047185280  1.1395558E-09
      4.4389027   -0.025177075  8.9752886E-10
      4.4638404    0.072875787  7.0590611E-10
      4.4887781    0.069153192  5.5441772E-10
      4.5137157    0.079300118  4.3482986E-10
      4.5386534   -0.043327948  3.4056023E-10
      4.5635910    0.033423147  2.6635771E-10
      4.5885287   -0.046209364  2.0803361E-10
      4.6134663    0.059416391  1.6225427E-10
      4.6384040    0.012066078  1.2637366E-10
      4.6633416    0.045950435  9.8299749E-11
      4.6882793   -0.013176971  7.6361456E-11
      4.7132170 -1.5596416E-08  5.9238021E-11
      4.7381546    0.069475360  4.5879225E-11
      4.7630923    0.070423032  3.5483012E-11
      4.7880299    0.036310286  2.7414853E-11
      4.8129676   -0.066413055  2.1155749E-11
      4.8379052   -0.017800759  1.6299868E-11
      4.8628429   -0.042454795  1.2537236E-11
      4.8877805   -0.067850299  9.6298002E-12
      4.9127182 -0.00074983341  7.3867063E-12
      4.9376559    0.050454363  5.6526318E-12
      4.9625935   -0.043191415  4.3263178E-12
      4.9875312    0.061221908  3.3038658E-12
      5.0124688   -0.020811121  2.5178872E-12
      5.0374065    0.065486966  1.9118160E-12
      5.0623441   -0.071428879  1.4488282E-12
      5.0872818    0.070486246  1.0971701E-12
      5.1122195  3.2445942E-15  8.2570468E-13
      5.1371571   0.0091324028  6.2574051E-13
      5.1620948   -0.024279540  4.7175041E-13
      5.1870324    0.047510333  3.4668785E-13
      5.2119701    0.017963651  2.4419282E-13
      5.2369077   -0.020617717  1.6866845E-13
      5.2618454    0.062352861  1.1730574E-13
      5.2867830    0.061339411  7.6053425E-14
      5.3117207   0.0034638604  4.2896587E-14
      5.3366584   -0.055838670  1.6868197E-14
      5.3615960   -0.021968939  4.1917343E-15
      5.3865337   -0.013050934 -2.7327274E-15
      5.4114713    0.035494610 -9.4963714E-15
      5.4364090    0.046744963 -1.6454995E-14
      5.4613466    0.016441019 -1.4367268E-14
      5.4862843   -0.043999140 -2.0076536E-14
      5.5112219 -5.0095517E-15 -2.0603831E-14
      5.5361596   -0.056729066 -2.4248114E-14
      5.5610973   -0.067311192 -1.2762176E-14
      5.5860349    0.041166571 -1.3851350E-14
      5.6109726   -0.010423940 -1.5147803E-14
      5.6359102   -0.016527466 -1.6775776E-14
      5.6608479    0.071320991 -1.8722753E-14
      5.6857855  -0.0025816714 -1.4736652E-14
      5.7107232 -1.2248054E-09 -1.2964339E-14
      5.7356608    0.029567330 -1.2369303E-14
      5.7605985   -0.047626241 -1.3312983E-14
      5.7855362    0.064855786 -1.9523406E-14
      5.8104738   -0.063887741 -1.8919944E-14
      5.8354115    0.063093954 -1.9010611E-14
      5.8603491   -0.015231720 -1.5269184E-14
      5.8852868   0.0027836583 -1.1062748E-14
      5.9102244   -0.096096544 -1.1794926E-14
      5.9351621    0.053572885 -1.0836140E-14
      5.9600998    0.025059694 -1.2678638E-14
      5.9850374   -0.060402119 -7.8215894E-15
      6.0099751    0.070444332  6.5754777E-16
      6.0349127    0.065579124  1.1837139E-14
      6.0598504   -0.052936724  1.4918870E-14
      6.0847880    0.066022142  6.8770275E-15
      6.1097257 -1.7053002E-14  4.0581781E-15
      6.1346633   -0.046610752  9.7645236E-15
      6.1596010    0.069592871  7.6224732E-15
      6.1845387   -0.068824011  2.8143739E-16
      6.2094763   -0.045276572 -8.6952061E-15
      6.2344140   -0.037057851 -2.2197582E-15
      6.2593516   -0.071378496 -5.2940366E-15
      6.2842893   -0.065530346 -1.3060120E-14
      6.3092269  4.9727033E-14 -1.3886728E-14
      6.3341646  0.00018713227 -1.0712566E-14
      6.3591022   -0.043847707 -2.1204646E-15
      6.3840399   0.0030611861 -3.2612966E-15
      6.4089776   -0.075700899 -7.4902842E-15
      6.4339152   -0.058772220 -4.4877794E-15
      6.4588529   0.0055467466 -1.4029782E-15
      6.4837905    0.042104160  1.8275695E-15
      6.5087282 -3.8816468E-14 -1.3184618E-15
      6.5336658   -0.063091316 -2.8928435E-15
      6.5586035   -0.070155535 -3.2881087E-16
      6.5835411   -0.038488111 -1.1600820E-16
      6.6084788   -0.084207578  6.6123011E-15
      6.6334165   -0.056831940  8.9017936E-15
      6.6583541  -0.0023532515  1.1881398E-14
      6.6832918   -0.047321358  1.1194775E-14
      6.7082294  1.7547620E-07  1.1371809E-14
      6.7331671    0.066083442  8.1924855E-15
      6.7581047   -0.035708166  4.2218936E-15
      6.7830424    0.068334602  1.9533305E-15
      6.8079800   -0.073447767  3.4590230E-16
      6.8329177   -0.050306933 -6.6148934E-15
      6.8578554    0.061330615 -1.6415393E-14
      6.8827930    0.070248043 -1.6268783E-14
      6.9077307  1.0492284E-14 -9.3765118E-15
      6.9326683   0.0049030294 -1.6518200E-15
      6.9576060    0.060415901 -7.0069593E-15
      6.9825436   -0.029891842 -5.8254389E-15
      7.0074813   -0.041795914 -4.5057785E-15
      7.0324190   -0.027965157 -3.5418752E-15
      7.0573566    0.027595003 -8.5111696E-15
      7.0822943    0.022760977 -1.3799471E-14
      7.1072319 -3.5988274E-14 -4.2779389E-15
      7.1321696    0.037689054  2.0646855E-15
      7.1571072   0.0089516890  1.8286651E-15
      7.1820449   -0.063429475 -6.3274213E-15
      7.2069825    0.056241462 -2.0381753E-15
      7.2319202   -0.059240982  1.1128756E-14
      7.2568579   -0.020841539  1.5668179E-14
      7.2817955    0.054610346  1.3233635E-14
      7.3067332 -1.3330514E-14  1.4134045E-14
      7.3316708   -0.061917267  1.4964382E-14
      7.3566085    0.026739689  1.2802501E-14
      7.3815461    0.016371455  8.8874580E-15
      7.4064838   -0.085027124  3.5881938E-15
      7.4314214   -0.050264365  4.3846373E-15
      7.4563591    0.072151529  3.4227782E-15
      7.4812968    0.052257204  4.4354848E-15
      7.5062344 -4.2723651E-14  6.0889672E-16
      7.5311721    0.026546261 -2.5729917E-15
      7.5561097  0.00044080638  1.8499244E-15
      7.5810474   -0.025868713  5.4236496E-15
      7.6059850   -0.024510775  7.9988239E-15
      7.6309227  -0.0083544900  2.1665605E-15
      7.6558603   -0.035669829 -5.5958133E-15
      7.6807980    0.035736552 -5.8939005E-15
      7.7057357  7.7669339E-15 -6.2059851E-15
      7.7306733   -0.013245417 -1.1555085E-14
      7.7556110    0.062230175 -2.0425911E-14
      7.7805486   -0.060217489 -2.4728528E-14
      7.8054863   -0.069548460 -1.9985782E-14
      7.8304239    0.066155918 -2.0736809E-14
      7.8553616    0.069181625 -1.8739359E-14
      7.8802993    0.062294461 -9.8364560E-15
      7.9052369 -1.3070909E-14 -1.6745584E-15
      7.9301746    0.048153814  2.5071214E-16
      7.9551122    0.033157292 -1.2282568E-14
      7.9800499   -0.050077290 -1.4035003E-14
      8.0049875    0.067746649 -6.9177667E-15
      8.0299252    0.032031774 -3.7100952E-15
      8.0548628   -0.068228707 -5.9542982E-15
      8.0798005   -0.014450949 -1.3795468E-14
      8.1047382 -3.0005129E-14 -1.3826443E-14
      8.1296758   0.0019916894 -1.2021436E-14
      8.1546135   -0.052949879 -1.2442077E-14
      8.1795511    0.055238951 -1.2108495E-14
      8.2044888   0.0041423924 -8.8715141E-15
      8.2294264   0.0088008411 -1.2738372E-15
      8.2543641   -0.066684805  1.8551820E-15
      8.2793017   -0.021473853 -5.1455694E-15
      8.3042394  3.9847823E-14 -8.2539179E-15
      8.3291771    0.031292084 -4.5161636E-15
      8.3541147   -0.071318789  7.2402165E-16
      8.3790524   -0.031096791  5.1763223E-15
      8.4039900   -0.018639048  1.8839293E-15
      8.4289277    0.053312801 -1.6377220E-15
      8.4538653  -0.0094201543 -5.6154003E-15
      8.4788030   0.0011224870 -5.1927177E-15
      8.5037406  7.9458087E-15  1.5162635E-16
      8.5286783   -0.060028997 -2.2344956E-15
      8.5536160   -0.071012846 -4.5222029E-15
      8.5785536    0.037202978 -3.6574658E-15
      8.6034913   -0.056596856 -9.5169579E-16
      8.6284289    0.067383817  5.1572590E-16
      8.6533666    0.023270574 -2.5741015E-15
      8.6783042   -0.069823163  6.3276103E-16
      8.7032419 -6.0259114E-15  6.0326067E-15
      8.7281796    0.057439534  3.2316352E-15
      8.7531172   -0.028574732 -3.8170242E-15
      8.7780549   -0.058333712 -8.6283634E-15
      8.8029925    0.073783252 -1.8952566E-15
      8.8279302   0.0033254601  4.8717189E-15
      8.8528678    0.071461562  3.1805126E-15
      8.8778055    0.054061164  1.1744919E-15
      8.9027431  1.8675099E-14 -1.9962317E-15
      8.9276808    0.065283254  5.3448843E-16
      8.9526185    0.046535105 -8.0729890E-16
      8.9775561   -0.065979111 -4.0996771E-15
      9.0024938 -3.9163660E-14  2.7909021E-15
      9.0274314    0.055335318  6.7519380E-15
      9.0523691   -0.018640896  4.3097026E-15
      9.0773067   -0.070713537 -3.2743421E-15
      9.1022444 -2.4702974E-14 -6.6127579E-15
      9.1271820    0.057720299 -1.4009207E-15
      9.1521197   -0.058177984  5.2574235E-15
      9.1770574   -0.069601725  8.7998900E-15
      9.2019950    0.071524013  8.5917626E-15
      9.2269327   -0.042429576  4.2541110E-15
      9.2518703   -0.064906097 -2.4794226E-15
      9.2768080   -0.066278537 -2.9658714E-15
      9.3017456 -4.9970087E-15 -4.2111516E-15
      9.3266833    0.030941917 -4.0355888E-15
      9.3516209   0.0025622965 -4.3667298E-15
      9.3765586    0.017604583 -7.0935869E-15
      9.4014963 -5.2276949E-12 -4.5195895E-15
      9.4264339   -0.045316404 -6.4113211E-15
      9.4513716    0.062711288 -7.2411822E-15
      9.4763092   -0.026666710 -6.0516930E-15
      9.5012469 -2.9587867E-15  4.4279519E-16
      9.5261845   -0.044204929  9.4621003E-15
      9.5511222    0.066400969  6.5885305E-15
      9.5760599    0.053819002  2.6418124E-15
      9.6009975   -0.011075839  1.3150970E-15
      9.6259352    0.033420344  7.1035026E-15
      9.6508728   -0.044549029  1.4134997E-14
      9.6758105   -0.060067251  1.0672514E-14
      9.7007481  1.2984042E-14  5.4798039E-15
      9.7256858   -0.018791819  2.5527312E-15
      9.7506234   -0.054915311 -5.8512250E-16
      9.7755611   -0.065506993 -4.5100476E-15
      9.8004988   0.0093677754 -4.2731368E-15
      9.8254364   -0.067458120 -9.0056465E-16
      9.8503741   -0.049206041  1.3345718E-15
      9.8753117   -0.058151083 -4.0370762E-15
      9.9002494  8.5983690E-15 -1.1185318E-14
      9.9251870   -0.020995365 -9.6807503E-15
      9.9501247    0.049208323 -7.3880681E-15
